1796
16 52
51 55
14 39
20 57
3 56
7 19
15 24
19 27
22 31
17 25
11 41
17 26
46 57
15 43
24 52
28 36
21 42
45 55
8 21
1 20
0 34
5 40
6 29
14 33
2 28
3 37
27 38
14 21
39 58
19 32
27 39
19 51
43 59
9 18
18 23
28 40
13 22
1 24
14 25
46 58
5 55
8 14
17 25
39 42
10 15
4 9
13 40
21 38
26 54
31 50
12 44
16 59
48 51
2 52
0 39
3 9
41 47
0 20
27 43
47 58
17 22
17 43
17 34
25 34
58 60
36 50
8 13
4 7
51 53
10 43
45 49
42 47
49 51
1 41
21 32
25 40
45 57
0 10
11 43
28 48
17 23
57 58
10 14
1 41
42 47
15 35
33 34
21 21
7 30
23 50
55 57
34 45
25 58
29 35
6 23
1 19
2 40
40 53
37 52
55 57
5 25
1 4
42 56
30 35
2 37
44 53
8 26
8 38
40 53
34 52
48 56
2 40
34 35
8 47
17 18
12 39
6 30
16 34
15 22
4 59
33 37
24 53
20 26
32 53
10 17
0 57
2 32
47 53
35 55
14 46
8 48
22 23
14 48
27 49
13 17
7 11
25 56
10 57
0 13
27 42
32 34
24 39
23 26
34 41
0 39
3 14
1 60
3 24
20 51
38 43
32 33
14 44
14 51
6 8
7 43
11 52
19 48
23 49
5 25
38 39
2 18
43 60
10 11
17 33
13 45
31 49
32 38
15 53
21 46
4 60
8 49
15 43
5 31
33 52
26 29
22 34
4 42
23 47
5 57
0 55
27 59
9 31
2 56
15 31
12 25
1 30
29 44
58 58
22 24
6 23
30 56
19 23
4 14
27 35
39 43
3 54
52 59
33 38
9 38
17 48
12 45
14 55
0 29
34 39
19 30
22 55
14 18
34 51
33 45
2 42
3 6
34 35
8 55
17 34
6 54
47 55
44 59
14 34
27 41
8 13
10 22
21 28
44 58
48 55
30 31
5 41
11 15
13 59
24 44
15 51
18 21
9 43
4 54
9 58
11 27
4 53
8 45
44 60
3 5
5 14
4 14
16 35
21 50
16 23
13 25
18 25
25 57
8 40
4 47
26 33
2 10
6 23
2 4
1 59
1 21
32 47
0 48
38 49
31 55
24 43
3 47
24 59
16 25
4 29
8 20
2 28
34 42
5 43
5 47
16 47
20 60
7 31
30 55
3 57
33 40
1 45
49 54
29 59
28 54
8 18
7 55
2 5
16 55
31 50
43 53
5 38
1 26
36 60
11 50
2 54
44 54
21 23
9 34
5 12
28 53
1 51
1 36
0 43
11 24
8 28
4 59
19 57
25 40
10 17
36 54
7 54
29 46
11 39
38 54
9 30
20 52
5 35
34 52
55 60
6 53
21 39
41 55
23 42
8 26
6 23
38 53
11 30
2 43
30 36
37 43
21 48
0 13
44 46
3 34
49 52
9 42
8 45
23 39
33 35
29 52
6 19
7 9
24 28
9 60
11 15
52 57
2 9
35 39
16 45
12 35
25 42
39 44
14 39
8 20
1 29
17 24
14 54
6 22
15 30
43 44
15 56
13 20
38 38
8 8
3 4
30 41
15 26
4 35
38 47
20 30
22 58
4 30
10 33
14 37
33 52
30 35
8 48
19 33
18 60
9 24
14 43
12 36
33 40
22 23
24 55
18 59
31 32
36 52
0 29
4 30
23 41
6 11
7 23
32 44
7 12
16 55
21 54
25 38
29 36
7 25
40 55
1 8
2 27
3 14
50 52
7 60
25 52
30 55
8 27
7 41
4 28
0 8
25 32
30 32
0 27
42 54
17 20
35 55
1 41
0 8
16 45
21 51
16 35
17 49
2 58
30 33
20 28
26 60
7 57
2 35
0 14
16 18
1 60
1 34
13 44
45 52
26 48
13 53
26 39
41 47
13 17
44 48
1 57
4 54
26 55
12 49
22 27
35 58
39 60
16 43
33 39
36 57
10 21
26 37
25 25
4 44
30 44
15 51
5 37
4 13
4 14
18 58
28 60
1 52
1 3
39 59
19 59
4 12
43 51
10 52
15 27
16 30
3 9
13 24
11 33
14 23
16 16
12 19
12 57
21 43
7 58
48 60
47 52
41 53
28 28
27 55
52 53
0 42
20 34
29 34
6 49
20 30
2 3
18 60
48 49
13 32
25 52
10 30
39 43
3 16
5 9
9 54
21 46
50 56
7 10
4 50
1 58
41 46
0 18
27 35
11 35
8 44
3 4
34 45
22 51
13 24
55 55
16 32
33 41
18 18
23 36
7 43
11 25
14 27
22 39
21 47
14 20
1 29
23 45
24 55
14 52
35 39
3 33
14 59
3 8
0 25
1 33
21 45
4 59
19 60
26 57
28 58
7 58
17 51
9 9
12 55
13 41
27 37
38 38
12 34
7 23
38 58
0 30
5 9
45 60
38 59
40 47
13 24
46 51
6 45
7 24
8 28
17 53
0 45
22 23
6 24
41 59
15 21
45 49
16 59
32 49
54 58
19 29
19 29
29 52
27 60
24 58
13 49
4 15
7 31
41 49
38 40
1 58
58 58
46 54
34 58
45 46
7 9
27 44
50 52
7 20
3 34
14 20
54 54
15 56
9 14
20 60
2 53
52 56
8 41
27 34
44 55
30 31
3 35
3 10
41 42
27 38
27 53
27 50
24 43
15 18
30 43
31 49
23 49
44 47
1 29
13 23
24 38
9 17
7 42
55 57
20 31
24 47
27 39
45 60
29 54
5 9
9 33
5 53
7 55
20 57
3 15
49 52
37 48
49 54
49 53
16 59
12 14
13 41
1 35
37 37
6 43
2 53
13 34
20 60
19 55
13 53
6 37
2 23
11 28
44 44
35 48
0 37
20 33
15 25
32 52
2 11
15 56
3 51
20 28
35 56
46 52
22 37
0 40
10 35
7 47
7 44
29 40
16 26
7 23
48 51
10 38
9 55
10 54
9 42
14 39
10 27
8 59
40 53
8 16
7 18
47 48
18 22
14 43
30 44
18 26
11 33
5 42
9 55
3 54
3 55
15 18
8 23
9 38
19 40
27 47
9 14
10 35
25 43
1 33
30 35
0 12
42 53
15 60
44 60
2 22
8 53
7 58
22 30
2 9
4 13
45 46
5 15
13 43
18 26
15 50
5 23
7 32
34 37
15 32
32 55
1 15
9 28
34 48
4 39
7 51
4 42
17 42
14 20
14 31
40 42
53 57
1 12
54 55
16 56
8 13
11 44
19 55
12 57
37 56
42 49
27 46
29 41
28 47
30 41
16 45
29 33
0 36
9 53
36 55
23 47
2 19
20 30
14 21
6 16
53 54
30 33
37 55
28 39
12 48
1 27
6 34
19 49
43 56
7 20
52 55
45 46
7 10
12 58
19 38
21 36
2 2
27 39
7 15
11 41
6 43
6 11
13 14
39 53
31 35
52 54
28 47
40 50
6 45
51 55
47 51
27 41
29 44
15 44
45 50
12 19
39 57
1 4
5 7
1 8
52 55
4 45
3 10
14 45
55 55
1 28
11 54
8 24
22 49
51 60
27 37
21 28
42 56
19 44
16 29
24 60
0 36
2 22
7 55
17 25
29 53
55 60
19 38
37 37
7 27
45 45
16 30
24 52
10 41
8 59
11 31
20 53
13 24
10 10
18 39
2 25
32 49
40 42
6 36
56 60
1 33
34 51
56 59
50 60
1 40
42 49
8 23
8 38
9 48
14 35
27 40
22 37
5 30
40 58
4 9
17 33
4 12
17 22
41 43
10 39
4 37
47 57
4 5
35 47
6 14
11 39
23 47
8 59
4 36
34 48
3 24
19 56
45 57
36 40
4 7
3 54
12 19
5 18
34 47
0 59
14 47
40 42
20 57
54 58
2 25
45 50
12 21
30 57
21 26
44 49
31 59
8 38
11 43
25 40
25 57
22 47
50 54
45 46
25 59
2 22
11 16
0 50
23 52
16 24
10 57
7 57
24 33
0 7
24 51
34 43
17 44
4 4
2 45
13 37
46 60
0 48
0 31
15 50
37 42
34 50
13 28
7 50
41 56
29 43
1 7
13 58
52 60
8 36
19 31
7 47
31 31
50 58
31 41
19 31
8 10
31 42
11 13
14 56
30 44
37 39
41 48
2 3
23 24
7 44
5 59
22 39
4 15
53 60
38 43
33 60
13 13
42 55
9 15
18 54
33 48
10 59
12 23
40 55
6 51
35 41
43 58
30 30
10 22
4 31
32 46
10 44
28 58
13 31
12 25
25 30
10 39
4 47
18 36
21 22
36 48
13 58
4 20
10 40
14 52
41 48
20 57
26 32
22 36
7 43
40 46
39 55
27 27
3 54
9 12
25 32
1 57
5 34
16 31
50 54
7 41
24 35
55 60
21 53
1 26
38 45
21 31
35 49
5 33
2 34
23 53
5 57
21 21
46 46
3 47
14 20
53 60
25 37
3 41
21 46
7 10
8 54
5 35
4 39
40 52
19 54
18 36
30 57
25 38
6 34
33 35
16 18
4 52
33 43
8 14
18 31
50 56
33 53
28 43
27 30
42 42
10 60
47 55
21 41
34 47
9 27
27 49
14 41
2 29
14 35
6 26
54 59
2 33
23 34
17 28
17 32
17 37
53 59
27 31
30 52
8 59
7 59
24 49
37 43
37 46
5 35
11 31
15 45
11 20
18 45
26 60
35 39
8 48
50 57
26 32
12 33
45 55
13 52
4 16
21 32
28 36
36 38
29 44
24 49
0 43
29 37
24 51
2 12
17 40
11 15
6 11
18 53
11 51
10 48
21 58
5 58
0 51
2 15
31 59
40 60
24 54
11 15
2 42
0 57
6 7
14 27
10 58
26 38
49 49
15 58
25 34
0 21
17 50
0 39
46 57
0 42
0 15
5 15
23 54
46 49
9 25
35 39
29 49
16 45
9 52
34 53
24 29
35 57
15 55
4 13
18 30
9 48
39 40
4 53
0 7
40 53
18 57
31 59
7 27
4 10
33 60
6 13
26 57
2 14
27 47
11 26
13 56
3 45
51 60
12 53
24 55
8 20
20 34
2 45
1 38
20 31
39 42
0 24
25 35
44 59
33 59
0 37
13 16
3 40
23 35
7 33
43 56
19 59
33 47
19 48
28 54
47 50
15 50
8 17
19 34
15 29
4 44
33 59
48 54
26 29
21 32
5 29
29 33
24 30
1 58
0 7
1 1
15 46
29 31
18 57
25 25
6 58
4 59
49 50
5 6
7 27
3 8
36 57
1 57
20 59
10 45
52 60
16 24
1 59
19 50
49 58
32 42
22 51
8 15
17 23
8 11
30 52
17 53
42 60
3 16
22 31
3 5
19 21
36 36
39 52
21 57
8 59
25 38
26 45
44 59
14 33
26 41
37 48
10 41
15 57
11 57
31 49
48 55
38 45
16 16
20 57
17 26
3 54
24 57
19 34
18 20
15 24
37 55
4 41
0 34
28 50
38 48
32 49
2 52
25 43
25 53
6 16
4 42
32 34
26 50
33 59
1 16
2 55
27 44
12 19
25 54
36 54
2 38
40 43
14 52
5 12
9 11
7 27
23 42
38 44
14 45
35 56
12 22
18 32
0 18
13 41
32 50
17 40
19 52
9 33
0 40
17 49
29 49
46 55
49 54
9 60
5 53
32 45
15 38
32 41
10 50
16 53
5 16
13 39
12 42
50 56
10 20
6 46
35 44
41 46
0 55
6 9
28 60
40 51
6 9
33 37
28 30
21 50
8 13
10 16
33 47
33 39
39 42
8 29
7 43
13 37
9 49
7 49
14 45
3 34
31 46
25 50
0 46
9 49
11 20
17 47
56 59
19 33
12 32
24 59
4 44
7 14
43 44
3 46
23 53
20 37
6 19
2 53
19 21
46 55
44 51
3 55
17 23
15 55
39 47
26 27
4 43
43 59
21 22
13 36
40 44
38 42
1 21
23 57
52 52
26 31
12 26
20 42
1 47
9 21
9 36
24 45
6 16
42 55
4 56
9 45
30 41
16 42
1 22
5 18
6 18
12 34
49 56
27 59
25 26
16 48
14 36
13 45
5 40
35 49
43 58
14 50
26 35
0 26
25 39
8 58
3 40
3 60
21 24
30 41
34 38
0 23
11 12
23 55
1 9
5 54
30 48
19 48
56 59
28 31
11 58
29 44
18 37
16 50
45 51
15 52
46 50
24 37
33 59
4 28
1 6
23 59
22 60
17 30
36 45
8 15
1 1
23 24
10 16
39 47
9 52
24 49
14 26
22 48
2 15
38 52
11 42
25 47
23 45
12 16
19 40
27 43
31 34
36 38
44 51
3 60
27 39
11 38
31 39
9 14
41 58
33 50
27 44
31 48
3 31
1 8
14 31
47 59
11 15
21 51
8 32
39 45
26 49
12 39
3 15
36 60
34 48
16 21
25 29
29 42
38 41
42 58
49 57
42 55
33 37
20 32
5 54
10 16
21 58
1 25
2 55
23 60
10 17
16 27
23 51
11 15
24 38
4 11
26 40
15 57
20 22
9 32
38 50
15 43
0 32
15 40
43 48
7 55
35 43
22 39
19 29
5 17
22 28
17 28
48 59
16 38
16 40
26 45
11 56
9 11
3 45
30 49
30 55
43 44
4 37
16 38
28 37
19 42
7 56
29 48
32 46
6 24
9 27
26 37
27 51
3 55
3 59
51 56
16 20
20 22
32 34
21 45
5 41
5 36
5 14
24 59
8 16
17 21
56 60
31 60
0 14
11 29
16 51
0 30
6 39
7 32
32 46
26 37
18 45
5 51
19 32
11 35
42 59
31 51
32 45
26 53
21 50
0 41
46 52
3 51
3 18
3 33
49 58
37 54
8 49
19 41
15 22
23 36
34 50
7 38
15 28
25 47
16 40
20 29
47 50
9 24
0 5
4 7
14 42
23 39
39 56
10 35
15 21
4 29
17 41
27 28
27 59
14 49
0 37
36 54
5 10
52 57
44 57
27 42
15 48
21 23
38 59
1 43
35 59
30 47
13 60
13 25
5 32
20 49
21 32
6 45
4 13
3 56
36 48
35 58
39 56
0 36
27 30
2 22
52 60
6 43
3 40
15 24
11 34
3 48
45 58
49 57
5 16
0 57
1 16
13 54
11 51
17 32
3 5
0 35
18 43
1 12
2 6
4 8
20 49
14 58
6 47
5 53
21 53
15 43
22 52
31 39
33 59
23 33
0 10
34 41
15 39
36 47
8 19
38 52
0 10
1 58
13 29
24 57
56 56
5 40
35 57
19 33
9 40
26 51
44 53
1 38
18 45
51 57
9 45
12 58
32 46
20 25
14 39
1 44
34 36
23 54
3 7
8 37
32 47
38 47
0 39
2 24
23 41
31 35
31 42
14 15
27 31
12 19
33 36
23 41
5 56
42 55
13 39
56 57
8 10
43 50
3 18
6 24
3 20
19 45
45 49
39 48
38 55
11 22
4 45
5 54
33 37
23 27
18 34
42 44
24 59
33 44
13 38
19 51
45 50
39 45
33 42
11 59
11 57
7 10
31 38
5 6
11 58
31 33
23 50
42 44
6 42
7 45
7 52
49 53
22 31
28 36
27 41
7 42
17 39
2 56
15 57
4 47
4 55
23 46
31 59
34 45
18 30
38 50
22 49
4 19
19 30
16 48
28 60
0 27
0 54
23 31
40 47
6 35
0 47
29 58
16 48
8 37
27 39
16 58
2 45
30 40
45 50
5 57
6 19
45 58
15 49
10 57
9 54
35 49
1 4
12 52
3 56
9 21
52 54
38 48
27 45
0 52
7 23
15 29
31 32
2 15
6 19
16 31
19 33
32 50
39 39
12 51
32 34
14 50
14 21
31 53
27 28
9 56
4 20
18 18
20 31
12 38
49 60
19 42
3 40
27 42
18 55
26 45
39 47
36 47
5 24
10 58
2 16
5 53
12 15
18 28
15 42
36 46
12 51
32 52
17 49
36 42
8 57
21 37
2 24
2 36
10 56
41 58
15 31
7 20
