1737
1 44
19 53
34 54
20 21
13 39
1 28
10 45
15 16
3 12
32 36
0 36
18 53
5 26
35 54
2 30
6 33
30 44
25 30
29 49
11 32
40 45
27 35
15 55
31 38
0 11
51 57
20 46
43 58
2 53
11 17
3 19
55 56
2 30
12 38
20 26
44 56
30 57
19 26
29 31
48 54
6 23
55 58
28 52
40 56
28 46
30 40
13 45
20 60
5 58
2 59
17 22
13 56
22 27
40 40
21 21
10 50
2 57
19 52
10 48
37 60
4 24
13 15
57 60
0 49
12 55
37 57
26 59
42 45
11 19
54 58
24 50
33 43
4 50
13 42
15 54
25 37
18 42
19 35
3 41
41 45
3 6
28 32
24 60
22 26
4 60
26 51
19 53
27 46
12 46
11 12
24 46
3 29
13 25
1 40
39 39
27 49
39 53
18 29
40 46
42 46
20 22
27 51
31 40
6 57
47 50
28 43
44 60
30 51
8 34
6 55
7 31
34 53
11 34
18 31
24 31
16 50
6 29
12 19
13 56
13 14
14 23
10 55
22 30
23 30
4 52
5 50
4 9
38 51
15 57
36 48
40 59
41 56
32 47
3 30
24 37
3 59
13 51
45 53
16 29
3 60
37 56
30 47
33 58
38 40
53 57
7 35
4 14
41 58
14 49
21 21
38 52
24 60
2 23
7 33
6 30
0 47
49 54
34 56
12 46
31 36
6 33
19 33
0 25
16 45
5 13
30 32
45 52
25 38
21 45
16 45
10 45
32 50
12 58
9 27
35 59
25 31
21 40
6 17
10 55
41 46
4 38
12 50
9 12
44 57
26 60
9 43
23 49
26 32
3 45
11 44
18 30
23 58
7 46
36 41
17 54
27 57
5 12
33 53
3 7
4 13
3 9
8 15
28 45
2 15
32 54
21 53
5 32
26 60
43 60
3 31
40 49
38 40
13 22
30 52
36 58
30 43
15 36
14 26
22 23
6 21
37 50
0 6
19 55
3 53
5 50
3 24
14 56
17 17
1 19
41 50
32 47
8 51
20 41
38 49
2 8
8 10
13 18
1 29
18 45
42 47
38 47
24 48
1 52
10 28
16 54
3 6
7 18
12 24
6 44
1 59
13 19
1 5
15 48
28 39
12 19
36 57
36 36
7 51
39 45
2 44
22 56
35 59
28 52
9 35
2 40
45 47
2 30
14 18
30 38
11 16
1 46
9 60
6 15
52 53
18 42
46 56
19 59
45 58
24 45
9 56
52 55
26 31
0 29
31 55
55 60
47 59
34 56
11 25
17 18
4 36
40 59
21 44
1 20
35 60
2 5
22 52
6 6
41 45
29 42
29 45
34 37
8 32
29 37
20 26
26 59
29 42
21 55
28 28
29 54
10 36
39 54
2 24
3 43
8 42
13 18
31 51
12 40
40 49
21 60
1 53
3 56
2 19
19 20
16 58
26 42
9 21
45 46
9 26
48 49
4 36
9 26
0 12
18 30
25 35
13 22
11 53
10 58
15 27
59 60
37 58
16 43
22 43
51 57
25 51
19 22
13 50
6 59
21 35
12 51
27 45
25 45
18 30
5 36
5 36
14 44
23 39
19 40
23 47
9 30
18 30
17 53
0 50
2 39
5 35
5 31
7 42
4 58
6 45
35 45
12 19
26 34
7 49
11 37
2 19
28 29
27 32
17 31
9 21
37 38
56 60
5 24
26 42
22 49
14 26
47 55
11 22
9 51
13 23
24 36
47 57
34 44
6 41
6 42
28 50
6 7
2 23
2 20
2 56
2 33
38 47
11 11
30 40
39 39
6 58
22 25
20 44
28 30
45 59
42 46
3 24
37 49
42 55
22 42
48 48
19 54
12 48
24 34
15 51
25 38
10 44
20 35
13 31
10 25
51 60
30 45
15 49
6 28
3 41
27 39
38 46
16 59
10 56
0 34
45 54
7 20
23 56
27 47
20 47
29 31
4 51
29 46
45 48
49 60
6 47
15 53
5 27
30 33
40 60
38 50
29 31
14 52
10 10
23 37
39 41
33 36
35 45
4 6
47 52
21 39
37 52
9 60
7 27
3 46
6 23
13 53
7 55
4 12
0 40
29 58
0 53
43 55
15 44
5 34
2 8
42 46
7 32
13 25
0 2
37 42
0 58
25 35
24 36
2 40
4 34
13 37
16 53
18 50
47 55
33 34
1 34
53 58
13 31
26 45
51 56
7 14
22 47
23 55
19 58
38 59
24 55
0 13
6 31
6 9
16 38
31 36
3 51
41 60
18 45
10 42
9 52
10 27
1 7
34 43
20 28
40 58
8 23
10 46
37 48
18 30
43 60
6 41
6 49
8 45
1 39
18 34
21 55
8 13
5 57
1 12
22 51
9 38
48 56
1 19
0 39
0 28
34 59
10 56
1 2
13 37
2 4
24 35
53 56
46 47
39 52
15 19
51 53
13 45
47 52
41 53
5 52
25 53
34 49
0 39
18 37
44 47
38 59
35 53
6 59
6 49
41 47
9 40
16 58
35 53
12 45
3 56
8 42
39 45
0 52
34 39
10 34
13 47
1 52
15 25
3 27
26 50
23 38
2 49
15 15
2 33
22 29
0 31
32 44
16 59
1 54
15 47
40 58
31 49
25 46
10 35
23 60
5 55
20 57
30 42
36 60
0 47
9 57
31 56
7 38
5 28
10 58
0 51
26 43
17 44
51 51
10 52
27 45
48 48
9 30
13 42
21 59
9 48
33 50
10 16
2 3
6 33
3 4
17 39
16 24
48 57
8 40
4 18
2 5
45 49
37 58
27 54
21 37
0 47
9 40
43 57
54 59
2 30
30 32
35 44
21 48
11 14
23 57
7 20
48 53
26 32
5 54
13 57
7 17
42 51
21 51
24 46
7 17
13 33
29 34
21 31
45 60
0 53
44 46
15 36
36 43
6 32
17 17
23 46
16 47
7 32
20 32
29 31
8 29
23 38
9 27
1 25
20 21
9 29
0 19
4 31
40 50
19 59
18 40
11 23
4 43
12 46
20 31
34 53
46 48
15 20
6 7
42 53
1 22
43 53
0 28
18 28
9 10
4 43
31 46
32 36
20 24
1 5
27 38
23 50
1 51
22 39
49 49
17 34
13 51
12 52
22 44
16 22
46 48
7 57
50 56
12 14
6 24
14 50
46 57
10 44
13 50
11 56
37 42
6 57
15 47
2 57
19 31
34 38
8 57
48 60
42 58
10 20
29 55
39 46
17 45
10 41
0 20
18 49
13 43
5 32
17 58
9 29
13 58
32 42
27 52
31 59
58 59
20 36
37 43
14 19
53 58
15 43
10 54
0 56
9 35
7 14
6 44
29 39
0 1
3 56
20 58
44 48
20 55
18 24
3 58
22 48
22 40
15 54
2 20
29 32
9 38
2 22
7 53
0 34
17 57
4 53
15 17
0 35
2 10
2 38
11 58
49 54
18 49
49 52
38 54
16 30
0 17
22 42
11 36
16 19
7 13
42 58
32 49
9 40
40 57
45 52
19 19
11 48
12 18
6 58
18 46
17 49
8 13
0 60
43 53
5 46
1 38
19 46
10 12
14 15
3 20
20 51
6 51
9 56
10 29
18 41
18 52
32 33
20 27
24 25
8 44
43 56
27 42
18 51
27 48
34 42
10 29
4 51
3 47
7 36
6 37
10 11
9 50
37 59
1 15
15 45
3 40
31 39
18 26
19 58
0 60
17 34
17 43
18 37
10 27
14 26
7 51
54 58
1 27
29 48
1 15
27 42
21 49
28 43
2 40
3 35
27 40
37 46
6 32
10 50
4 15
47 51
2 5
22 35
24 45
39 48
30 39
27 51
16 57
8 26
12 35
33 50
22 30
34 57
51 60
0 53
25 29
9 55
6 14
8 59
5 44
31 45
2 26
19 46
27 46
17 29
10 41
23 26
16 36
36 45
33 39
2 32
12 50
2 23
15 23
30 49
42 55
35 43
6 48
16 43
9 60
45 52
6 45
0 36
26 40
18 32
7 47
17 24
15 22
0 3
2 16
26 51
0 11
27 54
32 51
12 18
14 21
21 27
15 24
54 55
25 44
42 46
4 42
45 59
6 41
18 26
14 56
1 48
1 22
33 38
43 55
4 27
20 57
6 24
35 58
14 57
55 60
1 9
32 52
55 58
16 34
10 33
37 50
38 52
14 40
24 26
51 52
5 16
5 41
14 50
33 50
26 60
23 43
33 58
0 40
14 25
4 60
0 17
18 43
32 51
22 50
18 35
3 43
12 23
21 27
1 4
10 49
19 41
22 58
3 19
12 16
34 41
0 48
7 27
0 29
7 25
13 20
2 34
35 36
8 20
47 53
26 37
23 32
44 59
0 10
36 40
0 17
36 41
44 44
3 20
1 51
0 45
6 27
14 53
9 36
7 59
11 33
10 12
9 38
2 6
1 46
11 33
31 53
37 59
31 41
40 47
7 40
24 36
26 59
23 59
8 31
58 58
35 49
31 56
29 59
42 51
22 27
28 28
18 51
4 12
2 3
7 53
18 59
32 35
8 31
18 45
29 52
10 30
3 27
5 26
22 33
2 53
14 29
3 43
57 58
17 27
12 13
44 45
44 45
2 18
1 3
26 35
28 40
2 23
38 55
28 46
12 48
31 49
28 47
3 38
14 52
3 33
19 34
8 58
2 42
56 60
21 54
24 26
48 59
29 48
38 52
9 35
11 27
23 42
4 35
0 18
4 53
15 40
13 14
28 46
0 33
24 59
17 29
50 58
4 9
29 35
17 54
12 53
23 44
20 25
18 43
32 49
9 49
9 54
27 31
44 46
43 53
9 59
14 31
7 36
7 12
43 51
28 31
25 58
17 51
28 52
22 37
21 36
10 21
3 41
2 5
23 26
44 56
5 59
32 49
7 28
8 60
5 14
4 7
11 34
5 16
33 58
22 25
1 52
45 52
26 59
15 39
21 56
6 10
43 60
18 32
11 38
2 52
13 59
8 54
21 53
26 36
14 42
3 32
0 28
46 48
9 27
45 56
43 53
22 51
48 52
35 43
13 50
19 48
4 55
19 30
49 56
6 39
5 36
22 42
3 52
19 55
0 32
3 35
39 50
45 51
22 45
12 20
29 56
13 51
15 56
14 22
18 42
1 44
7 29
7 7
24 45
16 31
6 59
19 30
38 59
7 24
26 51
40 43
21 46
3 37
35 42
22 23
24 44
30 32
1 29
9 44
38 50
13 21
18 43
51 55
12 23
54 58
0 55
37 38
22 26
18 34
44 50
4 47
10 53
1 45
16 35
22 48
13 21
17 45
42 50
20 57
0 49
15 38
54 58
20 27
18 43
22 43
13 22
1 5
39 58
43 52
8 10
32 56
42 45
10 29
30 30
24 58
20 28
26 37
18 44
7 59
30 48
6 28
1 31
38 59
5 48
25 60
53 55
1 60
36 36
40 43
40 41
15 51
28 56
23 51
43 51
5 58
36 54
24 52
24 60
2 60
0 59
0 18
20 27
18 46
2 36
1 5
0 34
56 59
47 56
44 50
2 41
25 40
7 32
17 40
23 49
10 34
11 44
8 43
25 32
15 57
22 35
20 55
6 7
1 47
23 35
50 57
21 52
38 51
22 25
37 56
42 55
3 26
18 28
5 54
1 8
11 49
5 31
15 53
4 37
26 38
27 55
7 22
17 20
4 8
36 52
32 45
1 13
8 51
11 60
44 52
26 53
10 43
49 56
13 29
2 52
10 33
45 53
14 59
28 59
22 59
26 28
18 25
3 28
22 34
3 38
4 5
16 33
35 38
12 39
34 43
19 32
15 42
38 51
14 49
8 43
30 50
23 49
29 47
21 42
13 32
1 41
22 49
8 55
9 25
12 53
30 54
19 21
10 38
17 34
29 55
39 49
2 34
16 31
9 51
22 48
21 32
23 33
14 51
8 22
3 47
53 55
28 50
7 51
21 48
42 60
29 43
34 43
8 34
23 50
6 12
3 10
19 51
5 55
42 51
0 14
7 32
12 51
12 53
1 29
12 46
2 17
23 54
33 45
27 36
1 27
3 10
14 28
12 52
12 55
0 28
40 52
3 7
6 7
28 29
19 26
20 28
2 54
31 51
14 50
0 45
13 29
4 10
23 50
16 18
1 34
37 40
13 22
50 60
4 36
10 26
20 21
18 48
4 43
11 37
17 22
41 49
2 57
14 22
34 58
45 55
18 19
26 29
8 32
25 49
49 51
10 58
23 36
25 28
13 43
15 51
28 56
14 21
2 12
5 21
29 53
9 31
10 39
20 26
3 9
16 52
10 25
36 49
30 44
9 17
49 49
39 54
35 56
32 38
4 52
41 43
8 41
11 27
25 38
9 33
21 60
17 32
0 8
6 23
33 38
34 35
50 59
21 33
51 55
32 40
15 23
16 20
3 17
6 51
8 33
6 58
14 37
7 25
12 26
15 27
20 23
2 4
3 38
8 10
31 57
11 29
51 55
13 15
22 42
11 15
10 36
38 55
17 36
11 20
1 57
41 56
2 48
36 46
16 34
42 51
33 55
14 50
45 50
15 18
10 26
48 50
0 53
38 52
5 41
33 55
8 14
24 41
45 56
16 30
23 46
5 39
7 20
6 49
41 42
17 34
46 60
5 46
1 18
12 16
4 53
21 32
18 47
16 43
49 60
19 24
7 60
2 22
38 48
2 19
29 59
32 49
11 11
26 58
7 30
33 57
36 44
9 55
25 57
43 49
15 29
23 48
1 56
26 44
27 40
23 40
35 42
37 47
15 19
9 42
4 44
34 52
12 16
13 27
10 47
12 31
34 52
2 26
3 39
15 17
3 10
53 57
21 55
6 14
12 26
34 53
0 25
12 49
6 55
3 37
19 60
34 51
7 11
13 21
9 37
11 48
14 60
0 7
37 53
3 37
54 58
44 50
2 31
2 14
30 60
27 60
47 54
18 50
7 8
14 39
25 26
9 26
30 43
36 45
32 51
1 58
11 23
2 23
22 34
35 54
13 43
23 47
19 21
14 41
30 58
35 38
8 49
1 31
11 22
4 44
12 59
8 37
8 38
11 20
2 20
7 28
1 57
3 14
33 51
23 39
7 43
0 7
12 30
7 28
2 48
1 46
21 30
5 27
39 51
22 57
36 40
29 39
19 53
44 52
3 22
11 55
7 15
18 44
10 38
10 51
13 24
33 38
2 34
6 36
24 33
36 42
21 47
28 39
30 49
15 32
47 59
33 35
2 20
4 9
10 29
8 39
13 47
51 53
0 30
34 37
1 41
10 20
51 52
11 23
12 57
19 59
8 52
12 40
19 25
4 50
7 26
10 42
53 54
15 37
49 50
52 54
15 23
13 54
57 58
26 32
5 57
1 43
26 50
27 46
39 56
4 27
11 14
17 33
16 35
45 51
0 58
27 37
6 9
30 39
13 15
4 47
13 40
6 14
2 46
56 59
5 7
24 28
29 52
7 27
6 15
30 44
39 54
27 57
13 36
14 15
15 27
40 44
54 60
19 21
21 29
0 13
4 17
13 35
16 43
51 56
0 13
49 59
7 34
17 51
36 52
14 39
28 39
15 21
10 42
49 52
48 51
2 23
44 48
24 59
1 27
26 36
13 22
43 57
18 32
8 56
10 43
4 53
0 33
18 30
31 51
26 54
16 30
1 28
19 58
58 60
14 45
0 34
36 42
3 56
0 29
6 11
10 60
55 56
23 32
42 46
17 44
7 24
3 8
6 39
37 40
3 34
21 40
35 36
25 26
24 46
18 36
7 25
6 51
