1344
7 53
5 52
42 47
0 48
12 55
17 36
21 24
12 24
44 47
32 51
7 49
1 27
31 52
13 14
20 57
19 21
23 45
15 54
8 24
48 55
29 50
43 49
33 59
3 26
42 51
8 15
47 50
31 41
0 59
23 59
37 56
10 34
52 57
20 50
26 38
14 48
34 45
9 56
30 60
49 57
41 44
14 22
38 54
22 26
21 30
33 52
1 51
34 47
4 21
13 49
12 28
2 42
1 48
6 18
8 14
40 50
29 55
28 53
45 54
7 15
0 32
29 48
14 60
47 49
35 49
23 28
4 58
8 29
7 48
4 25
45 49
12 20
27 54
10 26
32 51
2 20
9 13
44 60
5 28
9 31
42 48
8 16
2 27
14 54
32 45
15 43
27 50
2 5
7 42
15 58
17 48
6 28
0 53
17 54
8 34
12 49
10 35
13 15
14 48
4 7
1 48
15 51
7 25
26 52
37 42
2 44
10 21
4 46
10 55
20 27
51 60
17 23
21 44
7 58
0 33
29 42
33 48
16 20
11 23
4 31
51 54
10 20
15 41
43 53
56 57
45 52
10 47
13 16
36 50
3 60
12 42
9 30
1 21
32 57
9 58
51 53
11 57
35 58
33 58
8 37
26 38
24 30
17 36
30 43
1 58
4 14
20 49
38 56
35 58
0 46
12 41
17 27
31 52
8 50
38 49
58 58
10 26
12 51
8 18
16 39
11 12
7 14
9 38
11 13
11 13
17 25
21 45
26 45
37 50
4 18
17 57
47 50
33 54
32 42
29 32
6 11
10 50
7 14
12 49
21 52
16 28
20 59
12 15
38 59
5 28
8 13
28 36
15 44
7 41
41 58
46 57
8 24
3 34
32 33
36 56
21 48
35 39
22 22
40 41
27 56
52 52
32 56
0 35
26 36
12 20
41 48
13 57
4 26
1 49
17 27
13 47
8 28
25 48
4 19
21 32
31 40
3 13
16 29
29 40
7 17
14 31
10 43
12 52
23 56
44 47
55 58
18 56
7 44
16 36
2 38
11 56
4 28
28 46
2 37
9 40
36 46
6 29
9 41
1 45
26 44
14 53
26 33
22 35
33 58
50 52
21 48
23 28
5 32
18 48
23 31
15 19
3 17
5 10
40 59
7 40
29 44
30 58
2 54
23 55
11 14
16 36
16 27
9 46
32 54
30 38
9 54
29 39
13 28
37 49
24 51
10 59
22 54
23 39
2 23
37 48
4 30
1 20
22 60
28 37
2 32
13 27
0 29
11 28
15 27
33 44
10 11
5 9
15 18
1 32
13 48
1 59
43 49
35 36
25 57
8 10
56 60
17 40
6 45
35 58
20 51
3 50
56 57
33 47
35 55
34 37
11 39
23 29
7 15
14 25
4 56
15 50
34 60
5 18
19 42
2 7
28 32
1 58
23 54
9 57
10 14
2 45
26 32
2 17
6 38
21 42
17 42
36 37
40 54
48 54
5 41
22 30
41 46
19 41
14 49
6 17
10 27
21 45
6 59
1 10
4 5
55 56
42 57
12 22
39 41
23 44
6 18
23 45
0 59
13 23
49 60
5 20
31 32
42 47
30 36
3 30
23 58
11 51
4 46
29 36
21 22
2 47
11 40
2 52
8 11
3 47
2 26
13 51
2 36
0 19
6 11
18 26
10 60
9 32
10 35
38 60
17 59
2 5
29 35
30 59
17 56
3 31
29 38
3 13
17 22
12 57
29 56
50 60
34 59
3 47
18 31
27 31
11 34
29 34
22 56
15 32
19 32
10 60
28 37
22 48
6 50
39 43
43 54
21 49
39 43
10 11
3 56
10 44
9 15
40 56
2 31
32 32
26 56
10 12
34 43
40 46
34 55
13 33
22 33
3 17
11 16
15 39
41 49
1 51
6 22
7 45
13 38
13 35
33 37
5 52
2 19
0 6
14 25
28 37
3 4
17 39
17 23
19 45
38 52
5 52
7 55
31 43
28 32
10 47
12 59
31 44
13 24
17 35
1 20
9 17
1 21
24 50
26 29
4 33
14 41
9 45
35 36
20 31
13 52
38 41
1 28
1 5
35 46
15 46
21 47
35 60
27 52
17 42
5 14
21 28
19 25
18 41
47 55
24 51
2 56
14 27
7 17
22 51
0 4
30 36
11 60
0 21
19 31
19 51
3 56
57 58
31 54
0 18
22 54
27 36
3 8
30 38
28 38
46 54
1 31
0 48
29 32
24 58
37 51
12 59
17 51
11 14
40 51
37 41
24 48
1 39
6 46
23 55
27 36
5 43
15 53
14 17
14 57
36 53
4 46
19 20
32 55
1 45
16 55
26 48
24 56
2 12
6 23
18 56
19 31
3 60
43 49
28 35
26 30
3 6
0 25
15 45
1 39
17 25
4 29
11 17
39 39
7 49
1 35
3 47
0 45
5 33
51 53
22 28
37 52
30 43
14 20
4 17
25 60
36 54
26 48
11 41
3 48
8 45
20 58
35 60
8 28
0 3
2 2
17 39
48 60
24 33
28 57
20 24
29 59
24 27
12 35
17 53
17 18
26 51
21 48
3 9
21 49
20 46
17 30
2 26
12 15
16 40
4 20
11 47
35 54
40 57
16 36
8 45
30 35
15 52
4 49
10 11
12 23
5 6
32 35
5 7
41 41
24 40
26 31
4 29
16 19
20 58
20 48
3 13
29 58
31 43
21 40
20 29
25 26
7 57
24 59
49 52
9 42
12 37
18 59
34 56
37 47
0 17
24 29
28 41
31 45
7 50
25 47
20 23
48 51
8 17
29 57
35 59
37 41
14 46
8 10
6 29
15 29
6 40
39 58
40 44
11 39
17 30
15 44
6 35
10 19
7 23
34 47
26 42
14 50
22 53
7 21
40 57
51 57
31 44
26 54
15 57
12 23
33 34
31 39
8 50
6 39
37 40
8 39
3 50
4 54
9 23
0 1
13 19
20 57
8 31
4 41
22 54
15 21
5 48
44 54
21 37
6 43
34 50
15 15
30 49
32 56
20 31
15 60
30 41
12 32
9 58
13 52
9 18
17 30
53 59
12 55
39 40
13 38
25 31
8 27
14 33
4 43
37 39
34 57
41 55
35 44
9 27
32 44
27 42
2 27
7 21
42 57
0 50
37 55
13 25
6 24
27 29
11 13
27 29
16 53
7 43
4 21
4 29
14 27
1 15
40 55
25 50
7 37
0 57
19 54
7 55
11 40
34 55
21 32
28 32
40 56
48 51
16 33
6 30
29 34
25 47
23 46
41 48
22 28
39 60
10 32
25 38
0 49
1 18
17 49
5 34
5 44
4 18
27 32
22 38
26 53
23 38
3 13
1 50
20 48
39 42
2 13
37 58
19 52
14 29
5 18
0 2
11 48
24 40
0 13
41 50
13 53
5 22
26 32
18 40
12 16
6 20
17 27
24 58
10 45
7 9
8 15
52 56
25 37
0 7
24 60
11 60
60 60
24 25
5 32
31 35
38 43
21 39
31 46
53 53
0 29
4 57
24 47
1 28
20 48
9 50
7 46
52 53
1 15
5 43
34 42
7 28
10 53
5 33
32 43
8 49
36 47
36 57
13 35
7 40
18 58
12 17
52 54
14 28
42 52
36 44
1 16
5 33
4 11
21 39
44 53
28 42
25 29
44 46
5 30
3 9
16 52
46 49
15 60
3 12
6 30
17 29
21 53
5 36
17 27
9 54
49 60
23 35
14 37
3 30
16 24
16 51
40 60
36 50
19 35
2 3
3 9
10 45
0 27
19 29
19 33
8 11
42 46
53 54
22 35
11 60
43 46
12 25
17 36
41 42
45 50
12 37
38 52
8 12
38 46
31 46
3 46
29 30
12 19
19 43
41 41
29 36
5 15
15 33
14 17
5 20
31 45
45 55
8 38
12 29
24 57
32 40
25 45
1 43
18 46
30 42
7 36
39 59
30 43
9 12
26 50
1 14
3 47
40 45
8 24
17 45
44 60
21 46
53 53
9 18
35 45
2 14
46 60
1 59
18 59
21 49
38 43
33 45
12 45
22 27
2 50
23 23
23 24
48 54
22 38
31 34
31 52
16 43
22 49
0 7
7 49
10 34
23 37
6 57
17 31
10 16
25 55
2 51
32 54
6 49
4 52
12 33
10 21
20 57
2 22
19 31
10 35
39 49
22 55
17 30
15 47
32 53
17 55
36 60
8 10
3 4
16 25
20 37
37 48
34 39
16 60
28 36
32 50
45 46
53 55
27 44
24 49
37 47
18 49
41 60
39 45
10 13
29 53
23 34
24 50
13 39
9 35
15 39
15 40
26 27
15 42
42 43
30 53
15 22
46 57
4 5
20 35
23 39
10 18
0 38
39 53
8 53
3 16
44 48
28 37
18 41
22 45
6 59
14 29
3 60
15 41
0 30
8 31
12 42
26 27
10 22
53 58
5 28
5 53
27 47
14 40
28 50
23 53
10 13
52 56
40 53
0 37
0 59
10 40
4 49
13 23
25 50
50 50
24 25
50 60
28 42
6 25
23 54
12 19
16 42
19 42
9 26
35 49
27 28
2 37
19 53
7 34
15 32
53 58
27 39
30 41
10 45
32 60
51 52
14 51
33 38
20 36
19 44
28 43
24 35
15 18
22 30
16 59
18 60
42 60
38 45
26 60
0 35
9 55
18 36
10 32
21 57
48 53
3 45
30 53
44 53
11 50
4 45
27 32
5 16
42 54
7 24
23 24
10 52
18 53
12 52
27 52
12 22
27 46
7 51
25 26
11 40
16 29
26 42
24 37
12 36
13 60
33 60
40 54
46 60
22 42
46 57
20 35
16 39
25 48
18 24
21 22
5 40
21 51
3 20
24 35
0 58
36 58
22 43
28 57
2 29
7 47
0 19
14 22
4 42
6 33
5 20
21 44
7 37
7 60
16 20
10 46
8 12
18 50
25 30
33 42
54 56
37 40
9 33
3 59
32 39
27 27
33 49
4 33
12 41
0 11
52 52
18 31
3 34
1 23
30 50
27 59
29 41
27 41
11 24
12 35
34 46
0 25
35 39
12 58
23 52
1 40
0 28
50 55
5 43
50 54
38 46
1 31
7 19
0 24
10 14
10 42
19 38
26 55
4 18
8 44
3 50
26 56
2 57
37 47
43 53
32 42
9 58
12 58
1 4
19 54
12 51
45 59
38 45
10 15
15 33
3 12
12 15
4 60
9 39
24 39
25 50
10 57
0 4
16 44
29 33
16 29
5 58
29 52
30 59
5 18
2 5
7 16
22 25
54 56
13 60
30 59
33 39
14 23
8 10
34 37
32 40
43 46
12 20
38 38
51 54
2 20
29 31
4 32
6 33
21 45
17 32
7 26
11 57
12 40
9 18
17 49
15 59
20 45
30 58
45 49
10 50
7 35
4 42
42 57
6 53
10 51
37 44
17 39
9 33
37 41
1 49
17 49
22 58
7 55
12 16
15 51
35 59
8 59
54 59
34 38
27 29
1 36
13 25
2 39
22 56
17 43
21 44
22 51
7 26
43 56
3 50
28 30
14 57
7 38
1 13
28 33
3 60
34 57
19 29
27 33
21 43
4 51
6 33
34 45
37 40
12 26
2 24
46 54
18 58
14 41
12 41
4 50
48 57
21 30
1 51
6 22
1 48
39 47
0 6
9 48
13 50
26 46
8 18
1 52
9 43
31 56
15 48
27 28
28 45
20 36
5 50
7 46
36 49
1 12
23 54
8 35
14 49
19 22
6 30
32 54
49 57
24 38
5 18
20 57
24 49
23 27
46 59
15 44
34 60
28 50
4 40
29 51
25 49
29 51
27 47
7 46
18 30
13 28
29 57
2 52
27 58
8 17
2 25
38 58
10 30
22 47
22 23
5 55
25 50
7 19
1 5
45 53
28 31
3 12
9 31
4 56
18 51
14 52
2 50
32 36
9 28
33 43
30 54
24 30
19 53
49 58
25 39
44 60
19 38
47 57
20 58
3 46
17 28
41 54
40 40
25 31
3 55
26 50
3 17
52 56
5 48
22 24
