2110
44 45
9 41
16 51
10 13
42 53
20 50
33 38
13 37
56 60
25 45
18 21
21 47
15 22
40 44
10 25
2 15
11 27
10 27
28 36
3 22
13 45
7 28
51 52
10 29
4 52
38 54
34 50
36 40
42 51
7 35
36 57
2 21
27 60
36 54
39 53
32 50
45 60
8 56
2 3
10 32
3 42
4 41
13 31
45 47
23 57
34 56
5 23
1 38
32 52
37 51
37 43
18 25
8 23
4 8
34 51
31 51
44 58
43 57
14 26
0 38
35 57
2 12
15 36
35 43
2 10
8 57
17 21
20 22
19 28
23 46
10 42
11 30
7 8
17 21
6 39
17 37
9 23
4 12
8 16
44 54
4 15
14 53
4 57
26 48
11 57
16 54
3 27
29 48
2 8
24 37
11 15
34 37
22 24
27 49
10 56
3 18
18 28
17 22
31 38
16 54
5 6
25 34
24 38
18 21
19 20
1 52
38 43
6 46
16 27
13 22
25 30
20 56
3 46
21 54
34 56
22 59
41 41
23 52
0 46
14 37
1 21
24 31
11 27
12 18
19 29
31 58
17 31
17 47
29 44
14 41
0 13
13 35
5 21
12 29
11 15
25 43
15 60
22 44
1 58
32 37
15 53
2 58
9 27
12 40
10 12
11 60
33 36
0 13
12 57
28 49
20 23
22 51
23 41
34 58
4 60
29 59
7 49
15 38
26 43
24 35
10 41
8 21
24 30
42 59
11 40
20 21
21 40
11 33
6 44
25 26
14 22
25 56
5 20
0 34
42 46
5 18
43 56
24 39
58 60
22 23
59 60
30 34
7 27
7 59
7 38
9 27
9 22
15 54
0 41
7 29
29 38
8 22
13 19
20 58
5 32
42 52
16 44
18 58
37 48
13 45
30 32
14 39
8 36
11 59
14 25
36 56
34 47
15 54
8 45
0 41
5 9
29 33
5 58
7 35
17 44
1 60
29 51
20 48
10 49
12 50
12 49
1 42
30 41
22 25
15 52
9 57
20 60
34 41
5 25
46 52
3 21
37 59
17 19
10 34
17 40
12 31
15 44
16 44
14 58
36 41
31 52
12 58
15 39
37 52
2 21
3 52
11 50
7 50
5 21
14 60
14 39
2 16
51 53
15 22
9 57
22 37
9 20
31 33
19 21
19 31
7 23
36 57
18 45
35 38
29 41
30 57
17 55
44 57
0 52
9 18
37 52
5 48
34 51
33 59
24 43
8 43
9 19
13 37
33 38
26 38
13 40
24 29
14 53
46 48
7 50
19 57
31 58
6 35
6 20
8 13
22 54
11 34
10 27
18 39
41 44
9 10
53 59
15 21
7 38
12 16
4 12
2 10
11 28
28 58
39 56
34 55
19 44
12 28
19 36
9 33
8 28
32 36
9 25
32 53
5 16
17 50
1 44
13 40
22 26
21 47
27 56
8 50
10 53
42 59
22 50
41 54
41 56
21 31
4 55
0 2
8 58
17 17
3 12
42 55
7 12
7 44
6 38
33 51
1 3
14 34
17 50
5 38
7 26
24 60
2 29
17 54
38 44
0 1
21 54
19 48
6 14
5 5
21 23
45 45
19 38
45 53
31 58
2 18
6 10
34 46
19 22
7 16
27 56
1 41
24 29
3 28
34 59
0 49
34 41
39 48
1 2
0 12
22 28
16 40
35 52
23 45
52 57
24 39
22 59
6 9
6 47
37 50
17 31
1 35
4 9
24 29
29 49
46 50
16 56
10 26
25 55
14 28
20 45
8 11
49 59
11 15
27 33
0 27
8 44
45 58
3 23
48 60
48 53
38 59
54 59
6 7
7 15
41 50
17 40
32 40
54 56
29 48
16 59
15 16
35 54
36 52
51 54
20 25
5 17
17 32
46 59
3 47
1 18
20 48
31 54
7 25
31 34
37 56
24 53
40 51
26 40
16 43
18 44
11 29
11 49
13 58
32 58
7 53
15 41
22 57
47 59
8 30
37 41
5 55
28 54
7 18
28 32
16 33
53 60
4 34
17 22
10 22
17 18
0 15
31 40
51 58
11 39
21 48
29 37
32 46
16 41
5 60
12 32
11 26
24 41
15 27
17 48
32 45
4 37
3 15
16 46
0 2
47 55
47 49
18 19
19 19
0 40
38 55
37 42
0 45
0 38
15 47
21 23
24 26
8 27
5 57
42 51
7 53
7 35
20 43
41 50
4 12
3 35
22 24
12 23
21 60
37 49
5 57
27 39
1 20
9 34
31 44
8 20
0 30
4 21
13 43
16 20
54 56
23 32
31 60
11 25
12 58
47 55
5 11
6 50
11 53
6 52
3 21
31 37
42 60
12 15
33 49
17 52
14 29
16 25
0 14
22 32
0 25
50 59
19 50
31 38
17 51
16 26
20 42
14 33
7 60
24 51
13 28
54 56
3 36
13 23
9 36
11 13
6 34
42 48
47 50
20 56
23 38
35 54
20 36
12 30
6 52
18 50
24 56
33 50
25 33
9 20
21 34
20 41
5 49
11 56
20 36
3 12
24 47
28 53
15 27
3 60
39 58
1 6
24 36
12 33
9 43
39 48
16 23
33 49
6 36
35 36
1 14
9 28
36 36
9 35
7 11
5 18
26 39
40 44
32 60
13 22
39 42
11 58
6 57
49 51
53 60
51 56
7 30
57 60
30 35
49 54
1 58
22 25
11 22
33 39
30 38
27 39
47 57
4 45
16 38
9 22
27 39
0 18
18 49
36 51
56 60
29 51
23 45
40 60
28 58
6 20
28 33
11 29
26 35
29 57
5 47
1 57
9 20
40 54
6 13
34 45
15 29
16 32
7 14
3 18
0 15
3 17
10 53
45 45
8 47
11 43
10 59
0 3
19 21
26 37
6 53
12 46
22 45
23 29
9 47
6 48
2 11
12 43
6 22
13 39
10 56
32 50
20 45
4 51
16 40
32 42
17 42
2 5
21 25
4 37
3 10
29 44
2 26
28 30
39 50
10 50
41 53
7 15
1 42
4 6
1 3
15 39
0 18
8 56
0 58
18 22
41 56
23 59
23 43
15 51
14 53
0 49
17 19
23 31
9 35
26 29
39 42
24 34
34 41
14 52
2 49
10 59
41 42
1 8
33 47
33 57
13 18
5 34
18 40
5 54
47 54
5 58
16 42
25 33
3 21
33 37
4 13
9 17
10 42
2 50
1 24
1 48
39 49
9 35
7 33
33 47
27 56
38 50
13 16
12 13
29 40
3 20
44 54
20 55
4 7
6 45
14 25
43 46
5 58
16 58
2 35
7 10
11 20
19 32
34 40
5 7
16 30
4 17
3 49
21 33
27 51
18 49
25 45
2 54
27 59
12 54
38 49
13 55
24 29
19 53
54 56
4 39
40 57
19 37
10 14
10 21
23 51
11 39
32 39
42 44
7 32
0 57
10 35
5 40
37 40
16 50
6 18
36 58
12 34
9 36
37 60
18 37
17 21
36 46
8 45
0 36
22 32
2 28
2 32
39 59
18 44
18 36
0 16
12 52
11 11
44 55
18 48
32 38
17 34
6 11
14 15
29 55
5 50
31 47
15 34
45 55
47 53
1 23
13 23
53 53
24 39
23 55
13 40
5 57
17 49
35 57
3 22
11 20
1 22
4 15
0 3
23 33
7 35
0 27
14 25
12 16
4 38
3 11
29 50
12 60
21 30
25 39
3 33
22 46
8 39
41 51
11 48
21 45
45 52
3 45
9 49
19 55
38 46
19 44
3 20
6 8
30 53
3 4
50 52
1 29
7 40
39 46
4 10
18 25
5 31
7 26
11 23
59 59
23 50
31 43
18 57
35 38
30 50
20 49
9 50
17 57
38 59
54 60
48 55
0 16
5 32
31 43
17 26
41 55
32 41
9 19
26 53
12 57
50 59
26 50
12 48
43 47
12 43
1 56
28 36
35 57
0 42
50 50
2 48
24 51
4 58
17 49
25 53
2 24
52 60
48 53
32 39
41 47
39 44
11 35
9 54
34 42
13 37
36 37
13 26
52 55
26 54
7 40
23 32
7 38
43 59
29 41
7 16
29 32
12 52
29 30
22 31
1 17
32 33
37 44
5 56
24 43
27 47
3 9
33 46
18 20
9 58
42 60
27 53
6 16
6 12
4 20
9 48
5 37
45 52
30 38
9 13
7 14
8 57
7 30
39 52
6 21
27 29
20 55
33 38
29 41
26 53
38 45
17 19
15 24
19 19
19 25
25 54
4 28
12 50
42 49
9 20
8 35
19 47
19 37
55 56
2 60
27 57
16 45
8 12
14 20
29 48
16 34
26 53
2 11
22 40
8 59
24 48
41 54
11 58
14 22
24 36
24 30
3 35
28 51
6 43
3 17
9 33
5 35
32 44
21 30
55 58
14 25
36 46
8 24
20 55
5 14
23 59
0 29
20 32
21 48
31 60
4 43
4 43
39 59
5 21
24 33
17 26
41 58
26 34
18 30
28 31
9 44
7 23
12 55
0 17
4 56
33 59
18 60
35 40
11 25
30 43
32 37
14 38
30 55
26 39
37 53
21 28
3 9
57 60
27 28
3 11
7 27
7 30
27 60
36 40
18 44
9 57
57 59
30 53
3 13
54 58
8 57
4 26
31 42
40 49
0 52
14 17
9 24
3 25
1 17
10 37
43 52
3 56
45 45
22 44
13 46
8 50
34 54
7 28
14 35
5 6
15 48
29 45
7 9
21 29
3 30
51 52
41 47
3 29
13 44
30 60
6 43
2 37
26 28
31 44
20 55
12 30
6 55
24 48
4 25
0 51
38 48
2 26
15 46
10 25
26 55
20 45
4 19
14 17
26 36
17 51
35 50
34 52
28 42
18 55
36 50
6 47
19 34
22 55
4 44
32 32
13 22
0 39
9 55
25 56
18 29
29 57
25 56
5 7
16 37
31 51
15 51
6 22
8 33
33 52
39 58
33 44
1 28
13 25
12 49
16 20
11 30
40 57
27 56
43 48
23 44
5 28
7 41
23 37
44 55
25 36
18 21
16 16
36 47
17 44
43 47
10 59
0 60
22 28
12 38
23 57
0 27
13 37
33 40
10 42
47 53
12 23
5 60
8 13
40 49
11 24
23 40
31 56
12 55
6 46
12 15
35 56
17 36
26 42
18 57
28 36
27 40
8 10
26 32
19 51
15 19
10 22
12 54
4 52
6 57
7 26
9 26
22 46
7 57
21 47
2 4
10 36
40 44
42 52
38 57
26 42
39 46
24 57
6 28
7 18
10 41
43 58
21 33
44 49
2 48
3 52
34 40
44 51
57 57
40 41
41 52
15 57
46 52
28 41
22 31
7 19
50 52
35 60
40 44
18 52
25 46
11 37
21 57
8 47
1 28
1 32
14 22
34 57
22 40
25 41
7 17
2 16
54 57
7 54
48 55
31 47
9 44
22 24
38 53
38 52
19 31
14 38
1 56
14 36
2 28
10 20
42 54
31 43
6 41
8 22
3 45
18 53
16 51
6 57
10 32
0 29
22 26
4 25
20 26
27 56
21 39
3 48
52 58
9 27
22 36
1 31
24 31
11 29
21 29
45 54
2 13
25 60
3 37
32 49
41 46
2 51
11 32
7 25
37 45
21 56
41 50
18 23
1 29
0 0
26 27
0 33
5 47
7 13
19 34
27 29
2 35
2 38
42 49
13 40
1 13
13 47
23 47
6 14
17 45
18 48
2 28
27 45
23 33
2 30
21 58
9 16
8 45
39 51
48 52
5 59
49 60
15 31
42 48
4 50
18 34
8 53
22 46
36 50
19 20
10 18
13 44
5 32
32 47
27 48
30 49
36 59
5 37
22 37
14 34
37 42
9 21
1 48
24 55
0 10
21 25
25 59
7 42
18 57
18 47
27 60
44 58
2 16
28 49
3 47
4 14
19 26
5 34
38 47
13 54
30 51
27 37
13 21
17 23
33 57
37 39
18 45
35 48
36 59
0 2
5 19
23 55
56 59
5 59
20 58
2 30
5 51
20 48
16 52
40 45
29 30
6 28
8 50
43 52
41 53
9 42
27 38
25 45
6 23
32 46
22 58
6 40
15 44
23 40
27 42
14 35
6 26
36 60
45 53
15 26
19 50
6 46
22 43
48 56
13 24
4 5
39 41
1 60
9 57
37 52
29 51
39 46
27 32
16 50
50 60
56 57
35 37
14 45
20 39
16 50
14 47
48 52
22 59
13 50
38 39
23 41
6 12
24 30
35 50
20 40
14 26
23 38
4 40
22 28
4 21
26 59
16 23
28 53
38 48
25 49
13 18
22 57
31 59
11 31
50 59
24 29
14 53
24 39
0 47
54 59
9 52
11 48
10 17
5 35
8 39
2 33
21 32
27 49
22 49
21 59
31 52
21 59
18 56
29 37
2 10
35 56
41 43
11 23
26 40
1 3
1 56
41 46
3 18
15 35
36 46
20 56
33 55
7 48
33 39
3 24
4 19
5 15
1 55
34 60
22 26
20 34
15 17
11 28
1 54
15 44
22 44
9 57
22 43
15 19
27 41
19 50
1 27
19 24
9 25
26 45
34 41
25 60
49 52
8 21
21 27
35 42
8 50
21 48
10 32
49 50
1 20
5 33
24 52
34 38
2 38
3 13
48 48
24 56
28 58
24 56
51 53
36 49
13 56
19 46
23 39
46 47
29 43
21 48
52 59
12 53
21 31
18 59
30 39
14 32
19 21
18 57
6 47
25 53
5 31
21 22
26 51
8 46
42 48
27 56
10 36
6 58
8 16
49 59
3 46
0 34
26 47
2 43
20 38
10 27
1 24
6 48
15 35
9 59
16 45
1 29
37 57
21 39
25 31
11 19
2 48
23 38
45 50
46 57
15 29
5 52
10 42
14 23
2 25
20 39
1 45
20 22
15 45
48 53
4 34
14 24
13 15
31 37
11 26
3 49
33 37
12 56
3 7
32 40
1 40
3 58
29 31
46 48
8 30
2 41
35 38
45 58
29 39
33 39
56 58
13 19
43 55
28 34
1 53
30 36
56 57
17 18
3 34
11 30
52 60
17 27
29 45
3 28
28 28
21 52
1 33
47 50
27 37
1 21
0 13
52 55
51 60
6 58
48 57
23 58
39 46
2 17
6 41
43 50
3 24
4 5
17 47
22 58
1 8
11 39
22 36
6 46
19 29
2 26
12 40
6 36
8 16
39 39
39 60
20 41
1 16
47 49
40 51
1 34
51 56
44 45
16 55
33 37
26 41
12 17
28 37
7 40
25 54
49 56
7 25
35 44
7 36
3 7
14 44
8 20
32 35
54 58
41 43
23 28
13 23
29 57
9 32
38 58
4 42
6 40
21 36
14 39
18 38
31 52
22 30
23 34
24 57
42 53
35 46
21 31
0 33
14 29
13 54
2 28
29 52
6 33
28 43
21 22
4 42
2 37
1 8
30 47
5 39
14 21
20 50
19 51
10 54
18 46
18 56
15 28
21 42
42 58
24 50
7 60
21 30
11 56
36 50
21 54
7 15
4 5
12 36
15 25
42 54
22 34
18 28
16 40
16 60
32 47
15 56
32 51
17 23
14 60
28 35
41 59
16 40
17 21
50 55
15 27
1 15
2 36
17 50
0 60
40 53
9 48
45 48
4 46
23 56
14 45
20 59
39 46
46 47
20 54
16 36
29 39
29 38
3 27
15 47
27 31
5 15
19 46
18 39
8 42
7 39
49 56
10 36
19 50
5 24
20 30
56 59
20 52
5 26
30 55
13 43
5 55
2 23
11 59
22 35
36 49
21 47
3 13
17 53
27 32
1 29
18 20
27 32
19 32
32 46
12 16
4 23
18 46
37 44
54 59
36 43
19 25
32 56
3 36
11 31
11 23
2 33
57 59
18 20
24 28
8 57
32 34
4 7
46 47
5 30
31 50
5 19
27 30
12 32
31 33
27 39
2 24
37 37
9 20
12 30
24 58
40 58
8 52
12 21
18 24
51 53
7 54
21 27
5 58
38 58
24 29
42 47
45 49
11 34
33 51
1 2
0 47
36 46
34 44
1 29
2 44
0 12
25 35
10 12
13 45
7 52
52 52
22 53
33 40
7 31
38 55
5 16
41 44
30 30
13 23
22 49
43 57
22 33
49 49
25 51
1 47
8 59
34 58
20 54
42 52
9 31
12 50
8 30
45 45
14 28
21 56
13 37
14 23
10 45
16 29
2 30
5 57
12 13
30 35
40 59
7 44
1 37
12 44
5 38
46 51
3 17
29 48
29 45
13 19
9 30
25 31
40 42
32 44
5 7
31 55
2 55
15 21
21 46
4 30
8 41
29 48
25 60
17 35
15 41
7 8
16 58
1 24
7 31
16 36
6 43
35 51
9 10
23 53
39 40
9 19
5 60
31 45
7 37
53 60
4 32
17 40
24 40
9 38
36 43
14 19
11 55
9 18
29 31
46 50
16 41
15 16
33 44
10 53
11 47
46 54
13 21
17 53
17 36
12 19
3 22
7 26
25 46
14 36
17 20
3 7
3 52
22 57
10 28
29 45
29 34
24 41
3 40
40 43
31 54
11 19
55 59
4 37
43 58
15 58
13 36
8 55
6 8
44 57
3 40
10 52
41 46
6 15
20 26
7 59
22 57
6 28
34 59
15 26
38 42
9 49
38 51
6 45
24 35
33 40
11 34
11 32
28 28
20 30
29 56
49 52
17 43
10 31
20 58
20 42
35 52
37 48
34 44
12 41
7 59
39 40
38 39
7 21
28 33
5 28
22 45
2 12
27 47
8 43
23 60
25 53
23 36
8 13
13 17
4 14
25 58
23 59
8 58
1 24
4 19
14 46
19 43
28 52
0 15
6 35
20 39
1 15
35 37
17 39
19 27
12 27
1 42
34 38
7 12
3 8
9 26
2 38
26 56
8 13
28 44
8 35
15 32
35 58
1 22
14 60
17 18
3 37
12 16
6 27
17 41
49 58
36 54
22 58
6 60
41 60
25 42
43 51
29 60
14 58
8 43
17 53
48 50
14 36
7 56
36 40
0 39
9 11
44 60
16 26
13 53
8 28
24 30
8 17
33 60
52 54
51 54
1 9
30 40
13 40
22 36
43 52
18 42
2 54
13 59
15 32
3 27
29 49
4 34
17 37
4 43
20 54
3 18
11 32
13 35
29 58
20 23
46 48
32 34
45 53
0 58
1 17
38 47
39 53
39 59
20 23
25 58
13 15
31 47
11 35
5 8
20 52
15 26
46 52
11 17
13 18
9 24
2 36
5 24
25 30
4 50
14 18
7 8
25 28
15 24
6 33
29 34
48 60
21 29
15 31
4 50
9 26
0 29
23 34
3 55
36 50
41 60
40 42
38 52
15 27
41 55
30 54
21 43
27 33
45 59
28 45
20 40
0 23
1 8
29 54
19 45
13 59
19 58
2 55
7 14
35 37
34 49
1 5
5 29
3 53
12 55
16 35
53 53
8 60
41 42
