1923
19 52
14 34
48 49
7 49
53 56
13 42
46 48
26 53
26 26
43 49
28 50
18 54
5 13
9 16
6 54
47 54
6 48
6 21
8 37
6 52
19 54
9 39
35 54
17 56
7 25
13 25
42 55
4 37
11 35
18 44
15 33
10 21
8 37
8 21
53 55
9 58
15 15
0 58
1 46
21 25
6 52
45 58
9 44
26 29
1 48
21 32
8 31
6 11
16 41
48 54
42 57
26 53
8 47
1 2
18 51
0 51
11 60
19 20
30 52
27 35
8 57
2 55
9 35
11 34
32 33
50 57
41 46
39 40
36 47
21 34
26 49
18 49
1 44
4 40
11 37
18 57
5 12
8 52
4 42
20 23
17 42
15 16
33 59
46 57
27 45
14 27
9 39
21 59
21 22
37 53
20 45
11 28
8 49
28 60
26 28
20 44
45 50
7 45
26 58
2 14
38 47
34 35
39 55
43 55
25 35
17 56
29 35
3 58
0 50
20 52
12 42
15 42
23 26
4 17
31 60
17 58
43 50
10 18
0 51
7 9
17 40
8 47
11 37
31 31
4 56
16 55
4 7
10 54
18 29
24 53
17 36
18 56
0 20
38 58
20 58
10 12
52 57
6 6
21 59
34 60
17 44
1 31
34 46
41 59
3 14
7 22
14 59
24 46
2 59
6 55
8 45
3 51
41 50
0 7
48 57
45 47
6 32
8 18
32 56
3 46
0 20
19 43
4 18
17 32
17 26
16 18
35 41
15 58
2 27
35 36
0 51
20 24
3 44
12 46
40 42
3 31
23 58
19 20
2 47
17 57
20 29
2 28
10 53
48 49
33 52
30 60
5 48
19 53
2 50
43 46
0 21
10 54
8 46
29 29
45 53
46 49
7 47
39 42
17 31
7 16
3 44
37 39
23 54
2 3
14 38
23 29
16 33
4 27
1 23
45 45
19 59
6 52
13 44
8 8
25 31
9 26
31 42
54 58
11 58
3 29
3 15
54 60
2 50
14 17
42 42
6 16
19 49
22 32
8 11
44 60
0 18
43 48
32 51
48 55
27 29
4 31
6 18
41 49
17 46
48 59
14 39
5 31
41 57
14 47
37 46
0 23
22 32
16 30
34 47
1 11
6 23
8 13
12 24
6 17
10 37
53 60
9 48
33 35
40 52
26 48
16 19
23 23
31 35
3 22
27 59
4 39
58 60
16 37
49 50
58 60
37 50
34 36
8 12
5 43
37 48
50 55
0 4
36 60
8 39
34 35
34 57
19 37
12 54
4 24
18 57
49 58
13 60
23 56
25 29
33 41
12 56
5 12
6 57
7 46
48 54
7 7
22 25
8 21
3 4
1 33
29 51
12 45
38 53
50 56
3 27
4 39
43 45
48 60
39 54
5 26
48 59
3 21
7 29
30 35
17 38
4 60
8 57
18 40
53 60
17 55
2 23
12 29
35 58
34 49
20 49
17 27
13 20
45 53
27 51
11 14
15 32
35 37
21 43
13 32
37 37
23 30
1 25
5 13
3 10
45 60
6 13
5 31
2 42
0 3
1 26
1 55
10 28
13 54
45 59
18 35
5 10
31 39
13 19
8 23
38 52
12 27
40 46
54 59
0 4
32 58
7 38
4 59
10 40
25 50
31 36
1 60
3 45
16 34
19 53
4 44
11 56
48 59
3 32
5 23
0 20
36 38
34 56
11 22
2 31
3 28
20 53
1 16
12 13
14 54
8 15
17 47
12 47
31 46
3 9
6 53
12 42
4 10
19 52
21 55
41 45
5 6
25 50
18 22
10 59
37 52
10 46
11 44
2 56
50 55
2 11
2 10
0 57
10 17
7 14
1 12
40 45
36 46
13 35
18 23
28 43
4 17
15 52
11 50
22 29
9 14
2 60
13 39
0 52
23 47
6 28
25 49
27 58
2 41
24 46
23 59
54 57
48 58
27 29
18 52
4 57
3 7
26 28
40 52
34 53
34 49
40 54
35 55
24 35
23 41
1 17
12 16
5 52
8 51
1 29
9 11
0 28
22 35
20 46
10 27
2 38
22 60
2 53
28 47
5 13
3 54
6 46
16 36
28 40
38 51
1 45
29 33
1 26
23 36
42 56
39 51
4 53
27 37
25 53
43 48
38 53
52 60
39 56
17 40
42 47
3 31
17 24
0 48
4 14
1 35
9 12
30 54
31 47
12 48
16 55
37 38
11 13
5 31
38 42
4 11
30 31
26 49
3 4
7 35
21 29
8 39
18 54
28 57
29 59
15 24
21 33
51 52
28 50
35 48
14 28
11 19
6 37
3 45
0 58
34 60
33 47
4 57
7 31
21 24
2 7
5 40
42 56
18 40
18 28
29 29
23 60
37 44
35 52
39 45
8 56
8 17
5 22
18 25
29 47
36 44
19 32
9 48
25 41
22 46
42 58
34 58
42 48
35 50
45 56
33 36
21 24
12 16
28 45
55 56
0 51
9 37
34 43
49 54
36 36
48 58
0 46
26 31
5 43
3 55
47 53
11 23
33 59
30 60
45 50
28 58
6 14
19 50
23 59
7 51
8 12
7 55
53 53
10 18
26 58
24 39
15 47
36 52
14 52
29 40
40 51
34 50
35 53
13 20
15 57
48 48
29 47
39 43
14 25
36 52
27 39
48 55
6 54
18 25
8 50
27 60
13 50
17 34
20 39
44 57
28 56
0 47
22 59
7 40
30 30
13 60
27 32
26 32
28 47
25 29
18 18
38 42
1 27
28 54
14 32
42 58
6 55
4 8
5 20
8 20
15 36
30 56
36 40
13 17
41 50
3 55
9 31
35 43
9 29
15 31
4 38
4 44
32 49
19 43
6 12
36 52
0 17
42 47
11 24
14 55
9 16
7 15
30 54
33 59
38 42
7 46
0 18
40 50
34 52
56 56
11 43
0 51
20 28
15 33
34 49
0 33
20 54
11 31
31 40
3 19
32 52
28 52
45 46
5 15
9 27
11 19
9 48
5 14
40 55
57 58
13 25
19 23
30 53
37 57
19 51
2 4
3 25
1 52
8 24
0 51
16 17
13 59
6 45
25 29
36 56
0 15
2 10
16 47
18 41
6 52
7 45
23 50
8 30
1 54
30 58
7 55
28 50
37 54
2 11
29 60
29 42
1 28
4 24
11 25
45 47
0 10
1 57
16 51
8 60
2 56
1 58
13 35
41 53
35 36
35 57
19 50
46 59
3 44
43 49
1 30
7 21
21 54
17 31
30 37
31 57
28 47
2 55
19 38
44 60
38 54
11 32
8 32
27 58
28 34
8 49
16 26
42 57
1 43
5 25
1 36
14 15
7 52
27 55
23 42
5 16
48 60
27 53
16 38
0 11
19 53
43 54
14 38
38 39
6 56
50 52
44 52
27 46
11 51
25 46
27 47
24 57
16 43
3 38
34 51
27 42
44 52
15 26
19 56
40 43
5 5
24 29
56 57
0 16
14 38
10 35
29 50
27 50
10 11
22 45
43 44
41 55
17 50
45 51
42 56
2 14
50 50
26 55
16 22
21 37
12 41
2 10
31 36
6 49
45 45
32 55
3 37
27 49
4 6
36 42
43 46
5 59
16 58
39 59
3 54
22 32
7 17
0 44
17 21
12 23
2 17
0 21
24 47
14 15
14 29
2 16
10 56
28 57
17 36
12 38
6 32
16 45
36 41
12 28
8 44
31 59
4 57
57 58
7 17
49 51
3 52
25 58
2 5
0 30
11 53
20 48
7 42
43 53
14 43
10 39
5 33
30 38
0 50
48 58
21 60
8 9
47 49
31 53
30 38
50 56
2 27
6 20
0 14
51 52
4 4
7 13
47 54
25 59
48 57
30 46
24 48
44 55
29 43
25 60
8 13
45 50
7 12
13 55
2 15
33 37
5 29
29 41
11 35
0 38
21 56
3 12
12 44
44 49
22 27
18 40
51 54
14 37
15 36
14 36
3 60
16 27
28 38
46 53
48 48
7 8
25 35
33 41
36 49
21 59
43 48
28 45
44 50
5 28
29 48
26 55
33 56
20 21
14 27
7 18
36 51
4 48
5 55
16 24
16 18
42 48
26 55
39 56
10 26
36 46
43 60
18 54
29 42
0 54
32 50
56 59
23 27
41 57
26 39
30 38
34 54
18 46
22 57
48 58
1 6
40 49
1 60
34 59
21 27
42 51
16 59
35 44
27 30
16 27
14 17
18 24
26 53
22 52
17 37
2 5
31 54
31 38
21 55
18 51
55 60
25 38
14 51
32 45
33 41
0 47
1 26
7 42
46 51
50 51
31 57
5 36
19 33
11 14
45 47
20 34
24 56
28 38
42 56
10 14
5 56
25 54
49 52
28 35
26 31
7 45
56 57
10 37
12 51
17 26
43 45
14 41
13 21
44 51
21 35
6 50
21 48
36 37
2 33
23 24
36 47
46 60
2 40
14 45
24 50
14 57
26 49
40 50
16 42
7 52
40 51
21 34
27 58
8 26
26 49
2 55
0 51
4 48
18 36
41 57
46 49
23 52
5 43
43 51
21 34
12 45
45 47
23 29
10 21
17 35
17 25
35 36
36 45
41 57
46 47
22 49
18 59
3 33
44 50
17 45
28 36
40 43
2 53
8 8
32 46
0 5
37 42
36 37
5 38
10 13
8 47
55 60
35 57
28 53
13 58
23 39
5 9
13 43
5 10
51 51
6 49
27 31
21 48
1 56
13 46
29 30
56 60
7 13
11 32
38 54
26 47
13 21
26 42
2 25
22 58
6 58
14 27
31 35
5 60
25 53
30 39
33 51
8 10
40 53
6 6
1 49
49 53
35 52
6 16
7 13
43 60
13 59
5 35
29 52
0 6
0 12
13 55
50 56
47 50
11 32
5 58
32 58
12 60
13 29
31 42
2 19
38 39
24 54
33 57
2 18
35 53
0 44
5 42
16 40
19 29
21 31
41 43
2 15
10 22
51 54
3 13
27 60
11 51
7 12
35 52
14 57
0 6
1 44
28 44
4 22
37 46
37 56
46 51
15 44
22 37
5 36
30 32
25 56
27 40
11 52
12 29
25 56
32 60
12 37
16 21
11 51
19 53
22 52
15 54
34 51
22 33
12 35
15 30
13 23
48 57
11 38
7 18
13 50
7 58
47 56
30 41
5 23
18 58
9 37
21 37
50 56
16 46
18 31
29 30
32 41
5 17
0 37
19 50
3 19
55 58
20 37
36 37
21 27
27 43
22 29
21 23
29 58
45 50
26 50
13 59
35 36
15 54
1 32
15 41
5 42
45 46
2 50
21 35
25 60
1 39
41 56
3 52
1 60
18 20
30 37
18 27
13 47
49 57
35 48
27 52
19 29
11 47
23 59
23 52
27 35
8 21
38 51
17 21
9 55
31 34
17 33
9 27
24 59
47 48
10 22
7 21
4 19
27 30
34 60
6 29
23 41
36 41
21 27
37 45
13 29
25 28
23 24
6 42
29 33
8 34
39 47
7 58
9 41
10 20
30 43
5 56
6 53
20 60
22 50
6 39
13 58
45 49
3 18
8 58
24 48
32 59
36 56
25 54
16 57
4 16
0 47
22 27
5 11
46 55
3 35
0 26
32 56
44 46
2 51
23 57
17 57
6 35
52 55
11 51
6 49
0 41
33 52
17 50
30 48
17 39
5 37
57 60
32 57
9 18
43 57
32 33
12 55
14 27
14 38
10 52
47 52
4 36
12 55
4 53
3 57
19 41
8 44
6 38
19 44
31 36
29 32
14 59
1 49
12 20
24 37
14 34
42 42
15 34
10 45
23 52
11 36
1 43
2 6
5 40
38 48
15 45
16 22
13 42
52 59
58 60
27 47
15 24
48 51
23 50
2 3
45 45
3 19
25 58
8 13
2 5
31 35
0 58
23 45
7 19
9 44
38 50
25 53
8 52
43 58
41 52
8 37
1 28
12 19
2 15
19 40
18 33
2 21
46 50
9 39
30 47
1 45
30 36
35 40
18 37
25 25
32 41
31 37
5 11
30 57
4 33
15 47
18 57
4 18
5 33
26 26
6 46
1 59
33 48
11 47
5 17
21 41
26 34
44 58
18 37
16 58
45 59
9 38
33 49
19 37
23 37
1 48
9 33
10 54
14 36
8 56
1 52
10 42
16 32
3 59
23 34
9 18
1 30
28 31
16 33
6 8
1 43
44 46
39 43
3 25
11 59
7 41
22 42
7 24
47 51
38 40
19 58
37 51
55 58
31 34
11 47
44 55
24 56
3 28
46 54
16 38
4 5
12 48
49 52
1 1
12 53
9 16
4 23
19 34
0 15
7 41
12 23
21 57
29 55
40 41
9 49
32 37
2 33
5 9
37 49
8 47
33 39
5 56
19 53
40 42
7 11
44 55
21 58
43 60
11 35
6 24
16 57
18 41
33 48
30 40
1 37
47 57
35 47
6 42
28 53
24 35
22 33
39 47
37 46
2 31
1 11
9 33
5 26
3 43
1 33
7 13
3 34
14 57
0 29
5 30
29 37
5 29
24 52
22 37
2 54
46 57
25 58
53 59
17 45
33 48
12 57
51 54
43 50
18 46
16 48
11 38
11 48
16 30
8 11
6 20
42 55
30 53
17 41
20 44
50 60
38 56
8 50
2 39
21 23
25 50
33 47
13 47
47 52
18 39
8 57
3 48
9 32
36 50
13 30
9 31
37 53
5 17
10 60
8 56
24 58
3 29
36 49
11 23
14 48
6 33
49 50
21 25
35 37
16 26
23 28
27 35
5 27
3 31
0 32
1 36
10 43
2 14
40 54
33 47
27 46
18 27
29 32
28 39
39 44
15 36
43 46
9 33
10 59
30 37
37 57
18 46
5 43
30 42
8 12
1 26
30 32
14 57
1 9
37 58
7 16
28 47
1 43
37 58
23 53
45 50
23 34
24 49
36 41
10 32
0 53
38 58
57 58
26 58
7 52
38 39
17 51
8 27
6 45
14 53
23 56
34 40
28 29
9 28
36 59
17 37
27 33
2 57
10 19
10 13
10 51
10 40
24 56
8 30
27 36
10 30
25 48
11 56
6 55
11 16
4 32
6 44
45 49
25 56
12 23
0 3
11 24
1 4
8 25
27 32
26 30
0 24
28 40
9 38
52 60
47 49
12 25
6 12
13 20
11 55
16 19
7 10
29 33
10 19
16 42
2 12
34 50
5 44
42 42
0 42
40 47
9 41
9 15
2 20
53 56
44 54
11 60
2 50
22 45
42 56
2 3
13 46
35 49
15 49
37 57
26 32
47 52
20 24
24 53
26 57
36 54
3 50
10 13
9 39
37 50
0 14
33 52
10 11
4 13
27 35
22 41
22 27
7 18
5 41
14 60
6 29
14 24
24 31
1 25
6 54
9 54
42 49
26 43
18 31
47 49
45 48
30 43
23 55
1 17
22 59
23 41
16 26
8 28
19 33
9 40
18 57
32 45
2 29
29 51
20 60
13 44
0 35
6 31
4 53
1 23
19 33
17 38
1 14
1 54
33 36
2 42
38 52
6 42
22 36
17 48
28 30
48 56
7 15
7 26
26 57
11 39
1 43
52 56
19 20
24 50
4 22
7 57
12 43
19 20
4 27
2 41
6 37
54 55
16 18
7 9
4 10
46 49
8 48
9 28
40 45
3 48
21 40
17 59
4 40
18 44
20 58
15 17
18 47
30 58
43 46
38 42
22 39
2 22
9 28
8 47
46 52
2 14
3 48
7 13
0 20
22 42
23 35
14 39
18 31
4 12
55 59
0 50
16 29
14 41
14 55
4 46
20 26
7 60
2 6
7 34
45 49
19 57
39 55
25 30
26 28
5 59
38 39
27 34
38 50
22 45
4 38
43 57
3 46
16 28
57 60
2 27
4 13
17 18
29 33
4 47
42 44
21 24
19 54
31 53
16 28
0 28
19 30
22 27
26 30
20 57
20 21
6 49
24 25
24 44
6 25
35 49
23 23
19 60
43 52
51 55
34 50
10 27
32 34
42 47
10 32
17 25
11 47
33 38
24 31
25 39
3 30
1 6
13 37
16 39
18 24
36 58
22 38
22 49
46 48
40 57
12 32
38 55
5 57
8 59
47 52
41 52
41 57
27 40
11 21
17 20
5 60
34 43
44 53
8 40
18 32
0 13
4 20
10 16
22 34
2 25
53 60
28 55
20 50
7 44
38 54
25 40
25 47
28 51
33 57
23 59
41 50
17 38
42 52
14 49
40 43
8 16
0 58
7 31
18 20
48 54
10 14
4 12
10 38
47 57
48 60
8 10
23 44
15 21
0 26
38 45
21 25
6 19
28 51
45 46
22 56
20 32
10 22
32 33
20 33
3 12
9 16
36 58
16 38
28 60
9 42
17 50
23 34
3 29
7 29
46 49
2 37
29 47
38 51
17 38
48 57
27 38
19 55
41 53
5 59
8 40
54 60
36 41
1 11
46 52
25 27
29 41
11 39
23 29
44 48
13 35
26 29
10 37
9 17
8 30
14 20
11 43
47 54
2 6
3 53
19 35
8 29
1 36
22 40
43 43
17 49
13 37
5 40
10 41
2 36
41 47
6 29
37 40
56 60
27 52
7 54
30 33
36 54
6 44
31 42
27 44
14 33
2 55
14 28
4 16
54 55
