2640
1 29
12 54
28 60
20 23
18 38
17 17
34 38
43 45
8 20
10 38
33 49
37 57
0 7
13 23
8 19
11 48
4 32
14 15
19 25
24 36
23 38
4 24
11 52
43 60
26 60
25 40
30 53
12 19
1 23
58 58
4 9
28 44
23 57
10 52
39 42
39 46
45 53
7 18
5 46
43 55
17 22
0 44
33 48
29 47
8 19
8 19
7 57
12 44
13 35
16 47
17 35
39 50
49 56
22 48
12 27
0 44
7 18
9 38
2 49
26 60
1 38
26 33
14 48
34 43
14 48
14 41
26 41
4 24
21 23
7 49
40 59
5 60
14 57
18 53
9 57
19 33
29 38
2 37
53 60
41 60
11 54
42 46
9 47
22 58
16 28
0 19
20 32
45 57
21 44
0 17
21 30
14 28
7 43
14 32
24 52
30 57
5 20
1 59
23 45
9 48
38 53
26 36
27 50
0 50
12 49
20 35
18 19
9 55
2 10
10 25
12 37
29 41
12 20
42 44
24 47
16 34
42 50
44 45
29 54
18 49
1 11
4 8
16 19
22 57
43 52
45 52
46 50
9 12
7 43
10 34
2 35
15 60
1 41
15 24
28 32
9 55
4 39
30 36
1 31
43 50
11 40
16 20
5 26
39 53
31 43
32 41
12 32
49 59
5 21
11 53
23 30
36 59
9 44
21 26
6 23
12 14
29 57
0 23
19 55
32 44
32 32
2 6
25 60
27 40
2 47
0 19
1 36
27 44
1 16
34 51
24 34
32 52
7 41
7 55
21 32
12 56
35 58
5 33
18 37
40 49
2 25
9 47
5 40
45 48
38 40
7 8
41 53
51 57
26 33
17 57
37 51
0 44
18 54
21 35
1 44
13 15
18 34
2 56
10 54
40 59
6 20
19 27
5 60
20 41
20 36
46 51
2 47
28 36
8 36
2 56
44 54
52 54
31 33
28 30
7 47
1 15
55 57
30 33
12 33
38 53
50 55
5 54
41 53
14 51
30 57
6 42
56 59
30 46
10 21
18 33
7 54
19 40
23 40
0 29
15 34
50 53
6 58
8 9
1 47
25 54
39 48
4 13
4 49
38 41
16 25
37 41
9 34
37 58
0 19
24 29
22 30
29 58
38 53
27 48
6 27
46 58
8 46
36 39
4 44
23 35
11 28
28 36
9 15
23 25
6 25
47 48
35 39
24 43
35 44
9 22
35 50
40 53
18 31
23 29
27 29
32 52
20 28
5 55
22 57
31 47
10 36
2 8
33 36
8 41
24 52
0 21
38 43
4 20
33 55
51 54
2 54
50 54
42 55
21 50
5 47
13 16
8 37
2 19
56 60
17 21
13 22
51 56
48 60
10 13
20 35
5 33
2 56
9 45
8 9
4 41
25 25
21 26
14 18
30 40
15 60
13 34
21 56
1 28
23 32
15 23
36 52
9 11
51 52
27 55
20 32
1 30
9 14
6 25
4 15
8 28
2 3
19 46
31 45
0 28
6 60
0 39
32 39
23 29
42 47
1 57
11 55
32 35
12 56
19 24
1 4
20 54
18 40
3 50
5 12
14 52
1 25
0 28
30 39
16 38
0 50
41 58
6 57
18 40
8 12
14 51
6 30
8 11
8 20
17 22
4 15
30 52
47 55
15 30
10 43
12 51
13 28
14 45
5 19
2 21
50 58
19 60
16 59
12 38
1 14
2 37
29 40
39 43
4 49
16 19
11 26
21 24
6 35
37 54
16 27
47 55
25 33
14 24
33 33
27 42
24 54
14 16
14 59
11 43
2 57
21 47
37 48
32 46
33 34
40 46
28 50
35 44
18 54
35 52
3 57
24 42
43 60
28 42
0 16
0 46
40 54
6 9
1 41
3 8
33 55
6 54
33 46
5 23
40 44
58 60
8 56
48 49
8 43
30 34
12 26
3 27
2 49
4 7
46 51
13 58
22 44
11 53
38 42
25 56
19 36
16 21
8 22
3 56
33 35
11 43
36 47
28 57
1 55
3 41
39 59
27 44
26 50
16 48
33 43
20 46
5 41
15 22
20 58
13 49
28 52
0 17
23 49
9 29
30 44
6 41
17 53
45 51
46 59
10 22
17 29
22 35
36 53
21 35
4 24
59 60
32 33
39 42
16 36
20 50
8 47
33 43
23 45
42 59
20 30
41 46
8 56
4 52
24 33
0 36
50 55
15 45
46 48
10 39
41 47
34 35
13 15
7 22
12 51
4 48
33 46
6 36
44 53
21 52
2 28
18 30
17 30
9 49
49 57
17 42
19 44
41 48
34 59
0 14
15 25
24 43
39 58
19 55
14 41
28 32
16 44
52 55
14 34
55 57
10 51
15 27
16 29
18 42
32 43
14 17
37 56
30 57
37 40
18 39
23 55
36 46
34 56
8 44
3 50
26 29
10 18
27 33
12 14
38 44
20 40
3 6
24 31
28 53
50 52
13 19
6 40
30 46
32 38
42 58
28 58
10 37
14 44
5 58
0 43
34 60
10 33
12 34
17 39
7 8
0 43
37 60
0 9
2 8
23 42
22 55
5 55
7 33
20 40
36 52
26 47
26 48
26 43
31 38
12 33
25 54
23 27
9 38
19 29
38 60
21 21
14 41
5 30
42 53
15 42
9 18
32 60
17 35
6 38
41 50
28 59
11 18
12 32
14 55
13 31
29 59
25 44
10 19
3 45
1 54
20 25
27 37
6 53
24 58
11 52
10 22
27 53
32 51
25 30
4 8
30 36
21 33
15 58
15 37
8 46
16 60
12 60
37 60
12 46
22 59
2 45
20 54
12 45
23 49
1 20
29 35
32 49
15 21
23 33
23 52
19 48
9 29
26 31
19 24
3 56
28 34
4 58
3 33
27 58
25 26
8 35
1 58
18 54
24 27
39 56
3 26
43 51
16 43
2 47
15 36
9 22
54 54
19 33
9 41
29 51
3 25
11 46
35 46
45 54
4 43
33 57
31 32
14 51
12 28
3 8
5 18
17 44
32 49
38 39
32 41
47 54
11 34
19 44
0 32
11 14
24 44
4 9
22 47
47 56
9 33
37 58
6 52
14 31
12 27
11 46
25 40
18 38
12 46
1 25
12 16
12 56
21 56
18 21
3 36
3 15
0 43
16 47
1 41
19 48
20 22
2 59
18 28
1 9
54 55
11 26
7 11
20 20
21 31
17 26
6 17
12 59
24 28
25 27
16 46
22 38
13 22
36 49
16 21
1 6
14 30
21 43
48 54
5 40
44 54
3 32
17 48
1 42
47 57
9 45
6 43
15 40
40 59
2 11
12 38
39 46
3 28
18 35
39 53
17 56
8 37
0 42
39 40
2 32
21 27
19 58
0 39
16 32
47 59
6 35
19 50
2 10
23 52
10 54
9 57
60 60
10 54
9 10
4 49
9 10
17 33
14 50
8 20
7 17
8 31
6 42
36 59
0 31
23 33
11 60
18 21
11 53
11 18
6 17
2 13
11 60
39 47
35 44
10 16
8 22
19 49
18 40
20 47
24 34
29 58
9 41
3 19
42 43
7 30
21 38
2 44
24 39
12 32
2 21
26 28
2 54
16 37
4 42
2 28
24 34
4 51
3 34
1 7
2 56
35 35
47 55
25 54
23 27
23 24
5 7
31 35
47 48
12 18
4 10
31 59
45 57
27 33
7 39
29 59
41 42
36 41
10 42
11 51
6 29
14 27
30 48
2 36
27 57
14 50
14 54
34 43
10 60
30 52
21 32
9 11
41 47
21 47
48 54
51 56
25 33
23 28
18 30
5 21
22 41
32 43
3 9
16 39
18 32
1 16
23 37
23 57
4 60
32 35
3 21
6 50
7 14
24 46
28 40
26 55
20 58
11 26
4 18
3 58
8 33
0 8
12 56
1 57
0 50
6 58
16 55
45 52
17 19
6 20
11 25
28 45
30 32
25 40
20 44
7 50
35 45
33 59
11 24
31 49
2 16
6 45
13 33
47 57
26 53
6 46
6 54
15 49
7 43
5 39
9 28
37 60
22 23
34 41
11 27
15 42
15 27
10 32
25 48
6 28
22 35
6 16
3 9
8 32
16 32
29 51
38 50
31 45
16 45
6 55
39 58
6 16
35 47
36 46
12 57
25 36
12 22
15 28
9 35
26 45
22 60
21 44
6 27
9 24
38 48
0 1
46 55
2 54
27 32
2 48
56 60
12 54
1 29
15 21
28 49
12 36
8 43
2 7
10 12
5 54
3 53
25 32
18 39
23 47
8 27
10 35
0 36
2 46
16 18
16 38
44 55
15 16
13 39
4 56
8 60
17 55
23 56
9 53
0 17
29 38
20 50
2 35
6 45
5 37
3 13
1 44
1 52
0 28
29 39
2 9
34 37
14 29
33 35
39 43
22 49
8 54
30 43
29 33
33 38
3 19
25 41
12 45
44 49
43 50
18 60
2 13
46 46
24 27
6 45
1 49
8 41
40 60
32 42
29 33
6 16
5 8
26 35
16 22
34 35
1 52
22 28
41 42
17 37
17 21
6 42
43 53
26 31
32 35
8 37
33 59
4 28
31 57
14 30
7 10
46 49
22 50
31 57
30 58
4 51
30 58
11 29
34 46
41 60
35 52
23 59
36 57
11 15
14 35
24 35
28 40
0 39
32 59
9 52
14 20
58 59
2 15
5 55
37 41
0 1
15 30
15 49
3 19
12 15
7 22
5 14
43 59
39 58
32 53
40 47
12 14
4 45
17 52
8 48
20 41
10 13
19 50
20 47
38 56
0 54
56 59
39 43
8 43
8 24
16 31
7 58
21 36
27 39
27 37
42 53
42 50
0 21
23 28
11 16
23 40
28 54
10 47
33 59
47 51
20 43
39 56
16 56
31 41
3 34
1 46
45 58
0 4
41 43
41 46
16 40
16 26
9 34
11 31
30 48
5 8
29 44
16 40
51 56
23 48
31 47
40 41
17 23
0 47
4 45
18 57
5 33
7 52
45 50
29 57
14 43
46 58
23 49
0 21
1 57
43 52
2 57
7 59
34 38
41 50
13 28
3 30
13 30
11 48
12 58
14 51
12 32
19 53
2 49
42 48
23 56
37 38
35 60
1 14
14 19
34 48
15 44
21 47
3 46
9 11
7 9
57 57
0 10
21 32
12 60
4 21
50 58
0 3
36 41
4 29
24 43
19 34
12 25
8 49
0 20
17 28
12 14
32 33
53 57
41 52
4 43
16 41
35 52
9 39
49 50
55 56
5 57
4 24
50 51
30 55
20 31
1 40
19 54
12 45
38 50
57 57
53 58
11 57
27 39
23 57
38 60
7 22
0 36
44 49
33 33
11 33
0 23
12 14
12 37
0 1
18 31
24 46
3 33
22 37
8 17
8 24
30 40
49 60
33 59
23 50
37 42
13 55
33 33
24 56
17 56
3 5
6 12
36 52
48 53
0 52
3 32
37 47
0 45
45 59
24 26
46 47
58 58
35 57
23 42
21 59
37 60
3 52
26 58
0 55
44 46
5 38
29 42
7 31
21 29
28 51
20 40
5 58
4 24
26 39
1 43
36 49
3 25
34 46
38 55
6 27
1 52
11 39
12 60
34 37
34 57
4 46
48 58
40 59
59 60
28 53
20 36
7 41
26 40
31 32
15 18
0 48
18 40
17 42
0 23
38 51
48 50
27 60
17 18
21 25
8 30
12 16
6 57
10 25
44 47
23 56
26 56
16 36
34 49
2 25
20 56
21 52
15 28
22 59
25 41
33 44
4 38
4 36
13 53
25 45
37 60
1 3
4 31
22 50
12 25
12 41
42 56
48 52
48 57
49 53
51 53
26 28
0 59
31 33
8 12
38 43
27 60
26 49
11 57
48 52
38 44
49 54
29 38
15 19
6 59
55 59
42 45
23 26
44 53
12 22
20 32
36 39
7 12
5 30
2 35
5 26
4 56
8 58
30 57
17 43
43 56
21 31
3 29
15 59
44 50
11 48
22 51
12 12
12 32
11 23
10 53
41 56
11 24
10 26
16 18
19 54
24 39
35 52
28 38
1 55
14 39
44 60
24 24
7 39
11 29
1 32
29 59
21 55
8 9
10 13
29 50
27 48
7 23
2 9
0 39
33 36
24 49
4 32
34 49
14 60
7 42
38 54
57 59
15 17
34 37
19 22
21 52
6 45
40 59
0 39
22 33
11 44
13 25
21 22
34 39
22 48
3 35
3 4
37 45
6 43
31 52
1 38
42 42
22 59
7 9
16 56
8 19
2 21
32 58
1 3
2 14
3 28
19 46
29 49
10 48
21 48
11 52
20 22
38 45
6 60
18 23
14 57
3 46
7 41
31 57
52 57
32 33
34 52
18 51
22 32
8 30
40 44
15 52
7 54
32 58
3 60
7 52
4 24
0 58
14 56
12 50
13 50
22 31
23 38
23 45
3 14
50 56
8 30
0 51
0 39
36 54
22 30
11 53
29 44
12 59
10 50
2 19
21 47
3 47
40 40
9 29
53 59
13 22
22 40
1 39
42 44
38 54
19 51
17 43
1 26
0 18
31 51
27 48
38 42
35 38
36 38
41 51
16 38
4 56
43 58
9 55
7 50
36 53
12 42
11 30
3 33
15 56
51 55
27 29
21 57
20 51
52 56
26 31
4 32
13 26
2 15
24 27
2 14
5 38
9 31
59 59
50 53
7 13
0 49
7 59
6 30
13 57
9 13
51 53
17 23
14 20
49 50
4 46
13 49
36 38
38 49
12 38
22 32
9 21
25 40
3 20
17 36
10 53
39 56
50 54
28 42
2 3
23 26
36 44
16 20
30 46
10 55
1 56
47 51
21 21
27 52
12 31
27 47
37 43
2 8
34 60
12 45
12 46
27 59
22 27
28 42
43 53
37 53
37 40
42 43
35 58
41 51
23 23
5 40
21 52
20 21
2 35
47 54
20 28
23 54
34 52
10 24
34 42
9 56
2 32
5 29
32 48
3 34
25 33
0 48
35 45
29 54
2 31
9 46
27 46
13 19
25 26
22 59
14 22
35 36
0 43
8 38
18 60
0 43
21 60
26 34
1 19
10 20
16 53
23 51
15 52
26 31
20 58
38 47
17 54
8 16
9 51
15 32
30 40
21 49
39 53
8 37
1 9
7 49
6 8
0 0
5 10
21 32
13 25
1 28
6 45
22 33
33 34
1 7
18 56
32 38
6 40
52 54
54 59
3 47
51 53
17 37
4 15
28 56
42 57
17 18
8 48
5 60
42 54
35 36
7 11
11 51
10 57
9 45
24 49
3 29
19 40
30 34
0 50
12 34
18 46
3 43
12 53
42 49
6 25
33 53
45 50
14 43
11 58
3 17
11 42
13 24
54 57
13 38
19 27
3 53
8 20
28 54
24 37
24 45
33 60
1 26
12 15
22 56
1 25
36 57
22 58
46 56
1 55
6 24
22 38
7 36
5 16
30 54
10 14
4 29
2 40
17 31
14 45
2 7
17 40
48 59
16 48
34 52
47 59
9 59
3 58
35 59
17 25
24 25
0 30
34 58
38 44
9 54
4 36
52 56
12 14
1 35
26 48
32 41
21 33
55 56
31 40
14 44
16 17
10 13
43 54
1 35
16 54
20 55
21 34
29 48
9 51
31 31
22 33
15 54
23 53
26 31
48 55
30 39
42 57
21 40
42 53
24 56
31 34
1 15
37 51
7 11
47 48
27 51
13 27
10 35
29 48
30 43
5 33
26 45
21 36
12 45
12 19
2 26
9 47
31 50
5 42
35 55
20 54
11 58
34 43
37 42
33 52
23 37
17 31
31 33
14 57
35 37
46 51
11 14
23 55
4 13
43 51
53 53
25 26
0 57
0 21
11 29
16 41
23 41
8 55
4 20
46 50
27 35
56 60
42 46
17 37
23 44
9 27
35 50
39 55
5 59
18 58
7 42
14 53
13 42
14 48
36 40
13 25
34 38
19 25
22 26
6 53
21 45
12 54
55 60
4 50
9 56
43 56
34 47
34 39
19 25
21 55
33 36
19 33
37 41
11 18
22 40
46 53
9 15
0 7
14 29
26 27
7 53
3 42
22 37
27 36
2 60
33 40
13 51
30 47
15 31
9 10
3 12
23 50
54 54
6 19
41 58
22 43
31 37
7 46
5 32
4 16
8 22
19 41
0 31
8 24
0 53
0 25
2 26
24 38
1 44
7 39
39 52
4 55
6 49
47 57
37 39
0 52
37 44
3 20
20 47
12 49
0 5
1 51
16 58
6 14
26 43
6 52
12 16
21 47
8 22
32 56
28 35
36 59
33 40
3 40
3 25
0 27
34 41
15 40
2 28
23 34
1 2
2 38
14 58
14 43
16 53
32 36
38 55
1 30
17 39
17 35
16 29
14 28
52 59
3 59
32 53
34 47
45 52
33 51
39 55
2 8
39 53
16 26
1 40
18 27
15 39
35 50
2 19
3 8
19 32
19 29
22 53
24 32
19 52
1 22
24 43
12 44
5 46
39 43
45 51
9 16
41 55
8 43
14 16
21 39
22 32
14 36
30 48
24 31
28 37
11 59
27 47
45 59
9 12
20 25
43 48
50 57
37 39
15 52
35 48
7 22
42 51
14 19
6 15
29 37
17 35
38 46
43 51
22 43
43 54
2 7
4 42
3 50
18 47
54 57
12 47
21 23
2 36
11 25
8 46
12 29
36 45
10 26
2 29
1 7
18 54
1 56
27 46
19 27
5 30
28 41
17 24
32 43
11 51
22 23
12 21
21 30
17 18
16 26
31 56
9 25
5 34
27 47
7 29
7 23
17 34
0 8
21 35
16 22
19 35
1 23
5 47
2 19
44 45
9 48
16 54
44 47
21 42
8 30
47 49
4 54
36 57
25 42
12 13
42 56
8 50
45 53
43 60
53 57
10 24
18 47
18 25
28 37
9 15
12 59
22 40
30 47
24 41
9 34
8 42
7 39
44 51
34 47
38 40
43 48
2 7
2 24
3 60
35 46
12 15
6 32
36 57
6 17
17 26
42 49
15 56
21 43
33 51
56 56
4 16
8 14
15 19
4 59
8 18
16 55
4 36
19 41
39 54
50 53
0 18
8 11
0 41
19 42
9 60
53 53
4 36
14 42
1 42
10 33
8 41
42 51
17 44
11 56
39 60
16 47
28 51
1 50
3 10
12 38
44 44
11 32
4 34
36 48
16 17
5 25
28 45
32 43
7 11
0 60
36 57
33 33
8 41
3 58
2 5
3 53
19 49
5 47
10 57
25 58
3 16
21 56
50 57
52 54
33 56
6 51
39 54
41 60
0 33
11 33
23 42
25 53
8 38
25 44
0 23
3 50
56 57
6 39
9 40
4 7
26 40
46 55
47 53
18 22
0 58
45 46
26 34
24 38
48 51
11 41
21 58
9 45
10 47
17 57
6 16
9 30
27 30
8 14
37 53
23 42
0 39
17 39
3 6
28 29
8 9
56 58
9 45
17 36
7 27
6 30
36 41
41 48
33 55
25 47
23 46
5 12
6 12
20 26
18 32
9 24
39 52
12 27
23 31
38 47
11 44
1 15
7 46
12 20
15 39
6 10
48 54
9 35
13 58
5 9
27 48
41 42
13 18
36 60
3 42
16 58
8 10
29 60
5 49
13 58
12 15
28 56
2 49
9 23
41 42
34 50
38 50
2 5
15 32
43 51
37 43
25 35
34 54
32 36
10 52
38 58
4 24
56 57
10 11
2 53
2 59
35 56
5 33
21 60
16 53
48 50
30 33
4 21
20 55
10 29
29 41
41 60
17 34
34 47
4 46
11 33
23 53
35 47
7 58
25 33
31 51
9 47
18 51
21 35
5 31
10 19
2 37
3 39
41 59
31 49
1 12
13 51
32 58
1 45
18 52
21 42
21 60
6 21
24 47
8 45
29 48
4 23
1 29
16 22
12 48
12 22
10 47
17 46
15 49
7 21
9 44
2 5
3 16
6 20
33 44
30 54
27 51
2 41
23 58
31 43
25 42
34 54
11 23
11 59
3 23
1 10
14 26
15 17
13 28
4 26
6 36
4 55
19 52
13 58
32 45
19 42
11 14
14 24
4 60
51 58
25 26
2 32
24 56
46 48
34 55
14 60
2 43
29 56
15 51
25 39
39 44
37 44
8 10
20 58
45 49
40 48
5 24
34 39
32 56
25 41
7 40
6 56
19 46
15 50
3 15
0 12
14 17
23 34
7 53
42 46
34 58
37 43
22 23
9 28
29 59
30 40
0 10
0 18
27 41
50 57
29 30
32 43
21 24
52 56
48 54
28 36
27 35
34 60
27 60
12 28
5 44
0 7
12 43
24 34
21 36
23 54
16 19
19 56
13 31
5 18
22 58
13 22
55 60
20 55
20 40
37 38
15 40
41 55
1 60
23 59
37 50
18 19
13 54
0 26
22 26
16 17
40 44
13 18
5 6
45 48
15 20
48 50
23 33
2 13
35 46
11 19
5 16
51 58
6 18
2 21
13 38
23 56
25 27
23 43
21 39
22 35
30 56
6 22
12 21
28 40
28 60
31 59
7 28
37 47
22 32
11 43
11 46
14 32
29 57
21 36
6 41
9 20
27 53
48 51
13 37
32 32
24 36
6 58
7 43
22 54
1 31
13 29
28 50
23 34
4 12
39 40
53 54
4 46
10 31
33 56
23 31
13 14
25 32
17 54
9 43
4 57
11 37
11 48
3 22
28 47
7 39
16 50
42 51
12 44
14 19
24 51
2 33
26 32
37 60
8 50
19 47
46 60
39 45
30 54
26 44
8 18
7 46
15 54
27 41
25 54
41 50
12 15
28 53
16 46
5 30
26 54
0 24
22 54
42 49
33 48
32 34
1 8
2 39
11 42
22 29
0 23
31 50
50 58
3 6
2 42
35 48
8 12
49 50
51 53
16 33
15 20
8 53
28 55
33 46
31 50
35 58
44 53
5 16
12 16
0 12
17 35
27 42
18 33
52 53
39 53
45 49
17 41
36 60
24 56
10 48
5 57
32 50
26 39
45 52
9 44
41 45
14 30
12 53
22 33
14 50
0 30
10 19
7 44
38 48
3 48
24 51
3 22
32 35
29 38
3 9
11 23
10 41
30 47
46 54
26 43
33 40
39 56
8 35
17 33
11 56
29 48
14 46
14 51
3 36
18 20
26 32
3 11
25 36
28 52
29 58
11 57
19 45
19 43
32 42
18 30
6 34
27 45
23 50
0 43
17 42
28 37
9 25
3 36
15 53
14 30
26 48
19 59
26 51
32 50
0 33
9 35
17 28
43 48
9 35
8 30
33 60
13 33
42 53
9 12
2 34
14 39
20 28
7 28
21 43
30 47
6 48
17 48
19 51
20 51
24 30
24 33
1 4
0 47
23 34
18 35
7 43
20 36
11 52
33 50
4 24
33 54
43 52
20 59
26 58
13 57
11 20
47 50
34 55
8 33
29 43
24 51
14 35
28 52
11 42
38 56
2 30
37 49
2 21
4 60
13 60
25 51
0 5
46 49
5 53
37 57
12 57
9 10
21 51
25 47
6 28
25 25
23 41
55 60
26 35
48 51
33 46
3 27
14 35
21 32
7 47
2 29
12 58
8 54
19 31
0 50
14 36
7 49
1 2
11 57
10 29
29 56
36 51
25 32
44 58
21 25
34 55
7 46
43 49
36 39
7 58
14 53
12 33
8 27
3 14
16 57
1 34
12 39
16 42
4 29
35 46
3 43
2 45
24 29
46 49
6 33
12 56
15 29
40 45
23 41
16 33
24 35
20 36
42 59
13 29
34 44
51 54
30 43
41 59
16 50
2 47
15 25
29 54
14 34
8 33
16 45
17 57
1 47
33 50
