3695
41 56
58 59
12 48
38 58
21 44
21 47
35 39
24 53
37 51
32 45
15 44
22 28
15 24
10 56
4 9
19 48
6 39
1 38
1 14
10 53
19 48
35 35
2 44
20 24
28 38
26 32
8 19
1 58
41 49
42 53
11 38
7 42
37 58
18 19
10 41
25 29
28 39
31 42
1 10
36 46
5 26
9 53
50 56
20 34
34 56
8 41
8 36
37 60
16 18
8 32
27 59
24 54
28 57
31 31
20 43
1 7
0 46
4 32
36 52
44 47
19 56
7 52
42 48
41 47
12 15
29 31
41 59
6 29
32 36
48 60
5 40
41 54
4 44
11 27
23 41
7 54
33 58
1 22
9 23
1 4
38 55
32 59
9 60
21 58
12 42
0 56
7 37
14 16
34 34
30 60
4 16
12 53
37 58
13 15
1 58
13 23
12 34
41 51
38 42
11 40
11 47
0 26
29 45
15 25
9 52
3 33
22 42
44 54
8 53
2 44
14 39
41 52
14 41
12 53
23 29
38 42
21 36
16 55
5 38
6 16
3 26
27 45
25 51
17 21
45 47
16 48
17 22
10 29
47 49
3 32
3 3
2 35
19 36
14 42
19 26
12 24
33 56
5 50
17 33
20 55
23 48
44 54
17 22
12 55
5 51
34 37
1 3
3 31
7 36
26 42
4 37
23 27
1 48
3 48
24 55
22 27
8 38
42 57
6 37
3 6
11 19
6 29
27 33
22 43
10 25
8 37
39 42
0 38
31 49
22 36
50 52
31 57
49 60
3 5
19 24
15 54
19 24
35 43
19 29
10 49
25 34
1 6
0 31
32 38
25 25
14 52
20 23
16 37
43 56
3 48
12 30
1 16
9 20
12 42
8 37
54 60
2 48
22 55
7 9
10 28
50 51
55 58
0 29
13 29
43 43
28 52
33 41
8 45
34 42
3 21
8 20
17 60
25 56
8 44
6 14
21 22
15 38
23 59
19 59
4 46
23 46
16 47
37 48
24 36
26 54
11 51
8 47
17 50
33 53
8 42
10 32
13 45
16 23
5 26
19 59
27 51
40 54
35 37
27 47
16 33
2 33
8 18
7 49
15 17
4 44
1 27
24 55
15 52
3 28
13 29
35 41
5 49
47 55
42 49
53 56
29 38
4 48
20 47
7 40
34 53
27 44
8 25
36 60
1 20
16 46
39 55
10 23
11 49
26 59
24 44
47 51
12 21
44 48
8 20
32 59
58 59
47 51
13 29
47 51
4 60
23 46
19 31
23 26
22 25
21 41
36 36
33 38
14 15
3 12
8 48
19 48
15 49
50 56
38 40
2 33
27 59
52 54
11 11
4 16
4 26
25 56
31 36
28 54
34 50
24 58
30 42
28 54
29 46
15 52
9 33
5 28
27 53
1 27
1 22
10 28
39 57
43 53
53 56
1 6
30 40
14 28
10 58
8 39
40 50
18 19
36 56
29 53
15 51
10 51
4 45
24 49
5 29
37 39
39 53
47 56
17 55
33 58
42 53
21 58
31 37
3 14
2 15
1 35
11 31
19 50
50 52
24 42
17 47
24 33
16 41
5 36
20 24
39 42
19 40
40 49
7 57
7 13
28 39
7 44
7 49
11 11
20 42
25 40
51 53
16 27
41 52
11 12
16 24
24 37
30 59
4 44
37 40
21 34
4 11
10 39
38 51
27 39
12 52
29 41
7 51
35 43
10 50
38 54
14 43
17 57
11 60
17 24
29 35
24 25
19 45
4 46
0 19
6 7
14 45
38 42
45 58
33 55
15 57
44 59
13 52
20 34
18 31
0 29
2 3
24 28
36 50
56 57
26 37
16 34
52 60
16 26
0 26
2 34
46 53
10 51
27 46
4 28
13 21
6 47
12 57
8 21
15 31
12 43
52 52
11 15
2 10
21 29
10 39
38 60
32 59
3 6
12 19
38 54
40 49
42 50
47 58
33 38
2 50
32 44
37 53
19 41
29 32
7 17
15 53
23 52
36 51
3 50
39 41
6 25
2 59
3 42
8 43
20 28
6 31
45 58
23 49
4 54
42 45
1 43
20 29
47 55
19 56
5 17
1 18
42 60
46 51
32 34
2 56
23 45
34 60
18 24
46 56
17 52
13 22
36 42
45 53
31 43
42 59
29 33
5 52
31 34
48 48
22 39
16 58
3 52
37 50
1 43
50 54
2 29
6 27
25 40
7 27
48 54
9 40
15 37
27 35
26 28
5 34
53 53
38 60
4 29
29 54
12 29
19 53
31 56
2 53
6 20
31 43
45 46
38 50
4 5
7 57
4 48
4 14
5 46
26 26
26 55
5 60
1 41
4 21
38 43
2 13
18 27
20 44
19 47
15 53
21 33
23 47
0 55
6 16
22 45
55 55
17 49
18 33
13 42
22 54
0 56
13 41
18 23
23 33
4 51
27 32
21 37
18 34
13 55
9 49
31 44
8 42
0 2
48 57
19 52
1 14
6 31
10 45
50 60
39 56
48 57
15 40
27 32
12 22
37 59
3 54
18 54
27 51
8 39
38 38
22 28
11 27
11 56
31 35
37 55
9 60
50 59
29 36
41 43
1 50
4 33
28 34
43 60
36 45
51 54
7 36
3 26
17 38
30 56
21 42
38 51
26 44
52 56
33 42
36 47
47 57
42 44
22 49
2 56
45 53
2 43
32 60
19 21
11 52
17 42
10 52
21 53
0 36
22 29
3 21
37 58
26 33
1 14
7 45
7 37
24 41
13 29
1 32
5 42
17 23
13 29
30 32
3 33
3 21
7 17
7 54
19 44
11 45
45 51
15 21
12 34
1 2
21 53
30 56
20 59
1 21
10 46
2 54
23 53
31 38
4 50
15 32
19 52
5 16
12 21
13 32
10 19
2 17
34 60
13 13
4 8
5 51
6 45
8 21
4 16
33 37
34 51
49 60
13 56
10 44
5 56
39 55
21 55
36 59
51 52
8 48
32 57
14 42
20 31
6 53
3 17
0 20
12 26
12 56
15 23
6 29
24 49
12 35
9 39
30 40
7 22
5 25
15 28
4 41
49 52
28 28
2 27
10 53
24 50
9 21
31 47
1 41
23 49
7 40
40 44
0 2
7 30
23 48
2 24
1 16
4 42
33 33
22 52
11 11
24 45
4 20
12 19
1 38
32 55
44 50
41 55
15 36
19 25
26 32
40 46
0 7
51 53
25 30
0 59
0 0
34 59
20 52
24 52
51 53
18 55
1 50
23 54
26 59
33 52
11 28
39 54
48 52
6 55
18 22
20 44
18 31
7 36
45 55
48 56
8 9
29 29
20 33
53 54
15 25
2 51
11 32
32 42
11 59
4 10
11 16
33 48
33 37
24 42
13 31
29 45
24 51
24 57
30 36
25 35
22 23
25 37
46 48
16 33
36 37
6 14
18 39
53 53
14 43
3 57
5 11
31 39
49 52
49 60
30 37
0 8
14 35
32 43
11 44
11 51
15 57
9 42
2 23
1 31
30 41
10 34
13 16
24 31
20 30
1 12
8 49
39 53
53 59
9 26
11 17
12 58
5 46
5 25
4 16
11 24
9 54
41 45
50 56
2 49
23 41
25 52
16 21
6 53
43 43
4 15
4 7
14 54
36 39
0 57
22 37
5 35
36 45
38 56
17 21
20 52
19 23
38 54
38 44
10 37
24 52
29 50
23 34
16 58
19 26
18 53
15 37
0 2
11 19
26 44
8 29
15 28
33 60
15 32
16 21
14 21
0 44
1 18
38 59
42 54
15 56
22 35
11 21
35 48
0 47
34 58
57 59
30 55
17 54
1 58
3 58
43 47
36 51
7 16
41 58
9 27
46 51
2 11
6 17
6 12
24 56
9 53
0 22
10 14
41 43
46 49
33 52
50 58
12 42
33 56
27 31
30 35
14 51
7 16
16 22
23 57
3 22
33 51
44 54
0 35
30 49
16 46
27 32
38 53
15 32
6 59
4 6
20 21
16 48
17 30
23 56
29 35
34 55
0 14
11 26
27 45
32 42
6 31
29 30
10 50
12 21
2 58
47 53
4 4
39 41
17 35
15 31
38 49
3 46
30 51
17 23
32 33
19 21
23 44
31 44
16 60
49 50
24 32
6 55
31 37
38 48
13 48
5 46
15 57
17 35
19 56
2 7
34 37
0 41
19 56
51 52
20 34
19 28
3 22
36 55
19 55
8 39
25 45
13 34
27 42
3 31
26 59
4 31
39 55
12 51
35 44
12 52
32 47
18 29
46 49
7 16
11 38
35 56
0 27
50 55
30 45
33 53
1 28
46 59
17 39
32 53
34 44
16 32
44 49
47 52
4 27
40 41
39 46
34 35
1 40
22 52
19 21
45 50
5 38
25 26
32 57
14 56
52 58
47 55
50 56
24 42
8 38
24 46
18 31
47 56
30 59
49 49
18 38
1 47
15 45
49 55
23 34
40 51
14 47
34 60
11 12
34 50
46 54
16 24
22 42
41 47
0 13
14 21
21 57
2 22
19 35
15 47
18 19
11 55
12 54
5 16
3 45
1 50
15 18
21 40
25 30
0 51
25 45
50 51
15 42
16 29
28 56
12 59
39 48
18 27
48 56
5 43
8 31
6 43
16 27
31 40
28 37
4 34
8 55
52 54
55 58
35 45
43 53
2 9
22 23
8 11
9 31
13 37
23 51
33 44
35 52
5 14
8 29
5 9
22 30
7 33
11 19
0 46
8 28
17 36
22 41
28 51
20 45
5 52
2 27
13 52
35 53
3 50
48 49
27 53
0 55
25 48
18 54
7 27
0 33
21 39
18 56
27 43
32 47
15 27
16 28
28 47
18 44
8 53
7 44
9 23
27 31
47 60
0 17
5 18
2 48
26 47
0 44
34 39
26 44
11 44
1 35
4 48
32 38
7 43
39 46
14 27
7 13
14 55
2 11
9 32
40 47
3 14
0 1
29 53
4 26
14 48
20 52
49 60
8 47
6 43
5 31
18 43
0 29
41 44
25 49
8 57
6 16
0 36
6 56
19 42
16 30
26 31
18 38
38 50
26 38
46 48
9 47
33 46
3 58
19 35
21 48
6 15
4 10
0 42
12 52
20 36
16 45
22 56
30 30
47 50
29 39
50 57
1 15
54 56
20 44
8 41
17 59
15 44
15 59
31 55
8 45
31 32
9 31
2 59
20 51
3 21
22 58
7 18
14 25
0 41
0 15
14 31
23 54
32 58
14 51
1 7
6 20
19 45
10 42
47 59
33 37
29 44
8 52
8 57
30 41
16 20
32 40
1 23
21 46
9 33
2 59
48 54
14 32
20 47
36 60
17 25
21 55
28 54
7 18
12 54
40 59
17 22
22 45
5 11
9 60
2 57
26 50
14 52
15 46
36 54
18 42
23 24
7 12
32 44
34 44
19 50
6 37
30 55
31 53
30 47
26 36
29 51
7 33
3 25
23 31
43 57
10 41
53 57
6 16
15 32
18 54
13 16
41 43
30 35
41 51
24 34
21 40
10 17
27 32
2 30
46 48
52 60
7 17
3 51
7 48
13 40
4 12
12 39
43 50
30 34
47 51
17 55
5 10
29 59
3 52
39 53
7 9
7 49
9 41
38 58
13 39
58 59
1 27
17 36
20 21
9 19
16 46
35 41
37 45
15 25
23 53
4 44
9 56
1 4
28 54
37 38
0 2
56 59
40 45
2 42
30 59
4 9
35 41
42 57
46 58
33 50
25 40
45 59
48 58
5 39
33 36
11 27
33 57
23 36
8 51
14 34
13 27
22 60
13 39
34 45
1 53
7 38
9 35
11 33
21 44
48 48
26 43
0 39
14 38
28 45
7 60
4 21
17 24
8 16
53 56
4 8
9 32
29 43
21 59
21 37
29 49
9 35
0 3
23 53
7 24
4 51
45 54
26 52
1 40
36 52
44 60
45 59
13 49
16 47
44 52
5 13
19 32
33 46
1 40
46 59
23 38
20 56
8 56
15 23
11 38
31 42
12 53
7 59
15 32
22 51
34 60
38 50
20 36
34 41
12 33
1 37
1 11
45 54
54 56
17 38
19 54
26 32
0 40
10 46
0 41
17 50
33 34
26 31
1 45
17 58
0 14
35 36
0 50
12 20
44 50
8 22
8 45
42 54
20 54
0 25
40 43
50 59
27 28
23 60
12 27
8 36
3 58
6 31
40 41
1 41
26 29
15 30
23 29
4 30
35 54
17 26
17 18
31 45
18 22
22 51
6 55
16 35
27 56
18 57
11 49
22 36
25 43
4 24
21 59
7 37
51 58
26 38
12 25
44 54
49 56
27 28
8 9
39 57
26 37
2 28
23 53
9 36
8 24
10 40
44 52
20 24
27 33
22 39
17 21
29 56
17 35
18 27
13 51
19 45
43 59
33 36
20 55
27 33
1 21
16 52
4 18
2 42
6 41
33 41
18 34
30 35
1 3
22 25
0 32
2 49
6 56
10 50
4 46
24 39
14 34
7 36
3 27
19 35
20 35
43 45
53 56
9 18
12 30
23 46
18 49
8 15
10 37
12 32
35 55
19 42
19 57
5 41
40 60
25 31
12 20
27 32
35 52
17 53
40 59
27 43
3 55
0 46
10 34
34 35
15 39
0 46
1 23
16 56
19 27
20 26
18 41
8 47
24 51
15 35
2 9
21 56
7 26
8 54
40 49
39 55
32 36
29 58
17 46
24 36
0 31
10 13
20 30
3 56
22 26
13 57
21 48
13 13
3 19
31 55
1 31
30 46
19 45
17 38
18 54
21 41
39 57
4 53
0 45
9 31
11 17
45 51
1 41
25 29
1 11
21 39
19 24
9 28
16 44
1 58
11 31
17 47
44 54
10 19
36 49
10 55
10 23
10 30
35 53
25 53
39 53
12 43
13 23
16 24
31 48
3 51
13 49
28 29
24 52
37 43
1 23
15 36
12 59
23 58
41 52
12 16
43 46
16 50
18 60
28 60
19 31
23 45
31 60
44 52
34 54
15 57
24 55
7 40
19 34
40 43
0 14
11 57
22 43
10 58
13 45
26 47
17 38
15 21
2 18
9 14
1 24
22 55
5 56
42 49
15 47
14 35
17 35
0 1
6 15
30 36
44 51
38 59
10 41
11 13
49 51
4 47
32 36
30 54
2 47
41 44
32 38
22 36
28 30
0 23
7 27
34 46
20 51
38 52
16 60
10 40
18 42
30 54
32 37
31 45
50 58
54 57
15 45
5 58
22 37
24 49
44 53
37 52
14 37
28 30
7 34
22 33
3 42
23 42
14 25
40 41
0 18
37 42
20 48
33 38
23 48
7 17
12 21
0 57
36 46
28 34
29 48
33 43
28 34
22 27
43 60
21 25
50 52
27 54
21 41
3 43
19 53
48 60
26 34
5 54
9 56
6 31
13 16
47 60
43 56
28 58
20 60
20 57
1 10
6 53
6 54
8 52
6 24
4 5
19 35
46 58
46 60
18 38
16 43
14 58
1 37
14 48
22 25
27 42
37 40
23 23
32 36
16 56
2 39
3 54
3 44
57 58
22 57
3 36
41 47
29 54
23 45
31 35
23 57
0 24
42 55
14 47
29 49
27 38
22 34
36 44
18 50
1 38
4 26
18 57
3 29
9 15
21 55
39 49
1 6
42 48
15 29
9 56
18 37
30 47
29 34
3 46
50 52
45 54
11 52
6 32
18 55
32 35
6 49
3 50
50 54
1 27
39 40
5 33
30 57
22 32
35 35
24 52
40 51
49 50
27 36
6 49
30 31
13 57
46 51
0 2
44 50
44 60
8 49
1 57
13 34
19 55
35 35
22 55
24 40
6 19
11 55
24 33
59 60
8 17
20 30
3 7
21 51
31 40
12 25
6 60
9 47
16 49
51 58
21 34
4 33
29 39
3 52
37 40
36 40
4 14
4 43
22 47
5 40
10 22
34 35
12 51
11 46
32 47
11 25
36 37
20 30
15 46
22 60
32 33
1 11
46 55
0 32
0 51
12 33
28 37
32 56
30 51
6 55
17 32
15 20
23 37
44 50
13 30
32 50
45 60
19 25
11 24
47 53
5 13
11 19
2 33
52 53
8 21
35 43
23 49
21 24
36 37
59 60
25 56
4 41
21 35
10 45
23 54
31 48
22 45
8 22
45 47
5 31
12 38
45 58
28 60
1 30
38 44
27 41
11 21
11 25
23 32
8 19
22 48
8 49
3 49
22 31
39 56
39 53
30 56
12 43
34 42
2 7
13 14
0 9
45 47
24 59
43 58
44 45
39 41
0 3
24 33
22 54
11 44
18 37
49 58
26 39
5 53
5 22
2 5
41 57
15 39
17 36
38 45
9 45
44 47
42 58
11 56
50 59
27 27
8 33
24 32
22 51
3 49
5 33
33 40
5 5
38 57
50 55
13 16
14 52
54 54
22 44
10 18
20 41
14 39
8 57
28 46
22 40
29 56
5 57
8 32
5 32
16 50
37 57
41 54
6 43
20 43
14 46
47 60
46 48
45 47
18 28
2 9
27 47
34 41
8 56
48 52
8 60
5 24
18 52
48 59
8 33
14 53
38 58
17 28
27 50
27 52
20 34
3 48
16 44
22 36
6 15
24 41
5 52
14 18
6 28
8 30
24 55
6 48
7 59
9 12
9 20
45 53
26 45
10 52
2 21
22 44
29 46
14 59
18 44
40 45
21 29
28 37
18 23
11 59
23 54
3 46
23 35
24 50
15 51
48 53
11 28
9 48
19 35
35 44
10 53
43 54
12 55
2 34
44 56
10 46
2 12
0 23
23 52
8 49
7 11
30 35
21 59
41 56
40 45
2 59
2 26
44 46
3 7
24 54
48 56
1 53
7 47
24 40
10 49
55 58
10 21
35 54
12 15
30 56
12 57
16 33
0 29
9 18
27 55
0 3
16 42
5 17
26 47
24 50
11 41
51 58
27 57
2 32
44 46
23 30
32 49
20 39
23 32
20 29
16 24
37 46
35 39
21 52
12 44
18 34
10 45
11 54
3 51
18 26
33 34
12 49
34 45
4 17
10 38
8 9
19 57
7 30
0 53
15 37
5 10
14 39
4 39
13 27
4 59
40 59
23 41
32 51
8 57
24 47
19 49
13 24
13 42
8 46
5 30
21 59
6 44
10 17
6 42
10 29
31 52
9 15
2 49
6 14
8 43
11 47
23 57
31 39
3 31
28 41
12 30
27 31
43 54
23 58
54 59
56 56
12 36
41 42
0 12
23 44
22 46
31 34
37 38
28 51
45 52
46 54
30 55
21 26
13 15
25 57
7 27
13 29
34 55
17 33
23 39
20 43
17 34
27 38
6 14
6 22
9 34
29 54
43 57
1 22
4 47
43 60
17 30
27 59
23 40
20 39
0 38
0 35
25 42
6 39
29 29
14 24
18 44
14 53
15 22
28 52
4 40
9 55
9 22
34 48
29 41
35 43
19 25
7 9
13 41
21 54
47 54
16 33
6 48
39 60
40 46
43 44
27 33
33 52
10 31
2 12
8 58
16 32
8 29
24 39
8 37
23 39
20 35
19 37
22 48
11 19
16 36
40 48
26 31
13 59
19 48
14 56
8 14
5 35
5 11
13 42
12 57
43 47
34 39
5 44
7 60
1 36
30 39
23 51
23 58
59 60
16 49
9 25
26 52
19 30
48 53
7 57
4 47
23 39
4 35
29 42
12 35
45 47
44 49
11 21
6 22
0 18
2 44
8 17
26 45
33 50
0 26
8 14
4 34
49 56
25 27
8 13
30 54
13 53
48 58
8 47
0 2
8 12
15 34
20 29
3 58
1 15
13 60
26 43
43 57
15 46
49 53
6 27
56 57
1 15
19 20
0 46
30 41
15 18
8 38
44 56
14 18
3 60
21 32
1 28
30 47
7 38
12 23
18 48
2 60
13 53
2 58
17 59
47 48
8 8
1 10
28 57
31 57
1 30
30 46
0 8
3 13
11 17
33 50
46 59
23 26
44 46
4 29
7 26
14 19
14 49
46 50
27 30
1 50
10 59
36 53
18 57
35 45
44 48
47 55
10 51
14 50
7 34
21 29
2 52
14 29
10 16
1 3
8 54
2 9
13 20
40 54
26 54
19 52
5 60
42 46
0 2
11 23
39 51
14 46
39 54
26 55
26 58
15 38
44 52
27 42
13 16
18 21
12 34
23 48
52 55
48 49
23 27
21 51
9 57
26 55
25 31
9 10
23 30
0 53
51 52
54 55
52 53
45 46
8 9
5 24
3 22
35 56
38 46
25 49
25 59
1 29
49 60
33 51
12 41
53 56
24 28
35 48
30 59
48 60
43 59
44 56
6 19
49 56
29 51
13 27
52 55
47 56
3 46
18 45
18 18
32 58
34 57
16 25
15 18
3 31
7 27
35 39
36 58
27 34
13 48
0 30
22 49
10 36
51 59
14 37
20 34
24 32
51 53
34 51
7 17
29 37
12 13
11 23
18 27
8 55
4 9
1 2
51 53
22 57
32 49
9 27
3 37
8 22
4 33
44 51
5 19
36 44
32 46
31 59
24 39
31 55
9 57
33 54
55 58
15 28
6 44
36 43
3 8
7 37
6 43
0 53
43 49
38 54
18 53
24 29
0 47
14 47
36 36
33 52
16 39
36 47
36 43
6 6
22 27
26 37
36 56
16 20
34 60
40 55
22 29
2 19
0 5
5 47
36 52
8 29
45 47
29 56
25 41
14 35
21 25
24 49
1 14
13 18
19 22
44 60
4 23
13 47
5 33
36 41
38 48
10 18
16 26
8 15
15 59
32 51
27 58
13 45
33 55
35 49
27 39
16 33
13 51
1 10
7 26
21 35
17 27
2 51
17 51
13 45
51 58
7 44
3 16
15 44
9 12
15 60
7 25
28 53
26 53
12 54
7 42
10 23
18 31
7 9
9 19
31 47
26 33
11 47
2 12
1 36
10 32
12 17
54 58
19 55
32 56
31 42
11 27
25 54
8 31
22 36
53 54
12 31
18 33
3 58
2 56
0 33
1 11
3 43
27 45
13 38
15 50
5 55
54 57
12 24
25 26
6 20
37 50
40 43
1 55
6 46
43 55
26 47
37 50
21 43
17 49
4 24
5 12
21 53
17 50
32 54
48 51
1 26
32 32
13 18
41 43
34 47
26 39
17 47
9 18
35 60
27 36
16 48
22 25
54 55
5 51
16 48
13 27
31 54
14 51
11 47
3 17
42 48
8 19
0 2
34 56
35 57
21 48
2 42
39 49
16 46
21 47
27 46
1 5
43 48
46 49
21 58
0 10
5 51
8 8
35 53
16 32
17 29
52 53
8 47
21 42
11 36
7 11
31 56
30 42
7 43
23 41
37 46
7 26
18 49
1 11
7 26
16 58
16 24
51 53
32 54
24 24
5 6
29 48
4 18
6 50
29 58
23 31
27 60
15 42
35 59
6 56
8 23
2 34
33 47
9 46
43 56
10 19
0 44
2 21
33 46
41 51
51 58
38 46
15 36
3 32
13 15
20 25
17 19
1 16
7 15
30 51
5 14
21 56
41 55
11 49
16 32
10 57
19 27
4 16
5 44
16 53
4 26
9 44
6 49
4 19
7 32
2 52
12 54
4 9
32 58
39 43
39 60
11 15
52 54
6 40
15 21
1 32
2 24
7 36
0 54
16 53
9 49
4 44
21 50
33 47
16 35
23 40
32 41
7 12
19 29
17 42
11 55
13 21
2 60
5 39
18 56
13 17
34 58
7 53
14 42
6 50
4 32
29 34
0 34
4 44
11 50
13 29
41 58
36 52
16 37
38 39
47 52
27 45
34 38
11 17
20 25
10 29
30 42
18 58
1 14
6 40
17 18
25 48
8 57
52 53
30 33
0 56
12 18
37 45
43 59
16 37
20 45
2 44
14 38
35 41
7 40
32 38
6 19
1 23
20 38
14 49
24 47
27 49
23 52
5 33
53 54
2 49
8 18
4 60
17 18
4 58
37 42
17 37
57 60
11 40
24 36
10 46
7 27
57 57
44 45
9 28
43 59
30 53
50 52
0 26
26 38
19 24
5 5
52 59
5 16
8 32
5 13
31 41
51 60
42 56
3 57
58 60
8 15
27 48
20 60
20 21
17 54
16 57
2 11
28 33
48 48
50 51
6 23
40 52
51 57
30 33
47 48
16 49
7 41
36 46
24 25
44 47
1 57
15 33
27 59
7 16
12 27
32 54
28 35
17 29
36 46
6 9
50 53
1 37
28 46
50 58
26 56
3 46
3 34
11 52
43 59
26 35
37 39
20 46
24 50
0 17
5 41
10 23
22 38
27 54
45 55
17 35
6 19
7 57
44 57
24 26
15 38
53 59
22 56
23 33
10 18
6 47
1 40
35 57
41 43
45 49
45 47
38 59
46 55
24 36
15 46
41 48
3 40
29 45
6 58
10 38
16 45
28 43
24 39
33 48
29 60
26 40
17 39
3 46
21 23
4 26
11 43
46 53
12 37
25 35
36 60
7 34
20 53
10 43
14 22
3 46
23 46
1 10
27 56
10 48
51 55
36 53
1 46
10 14
4 8
33 43
31 56
7 44
9 29
45 57
5 8
23 57
50 50
14 59
27 45
5 32
33 56
47 49
24 39
28 49
18 34
26 31
0 26
46 48
33 44
12 51
4 10
21 22
33 47
25 39
32 37
25 42
13 19
36 58
3 16
12 24
0 7
17 51
27 36
34 54
2 8
20 29
35 49
11 41
17 30
7 12
29 37
36 59
59 59
23 53
51 53
47 58
7 24
31 44
22 41
34 42
27 52
28 30
49 51
4 58
46 58
44 51
21 30
38 54
21 25
35 37
35 38
34 38
17 60
0 53
39 41
18 47
31 42
0 26
4 44
24 35
12 39
9 53
4 19
9 13
12 34
0 10
40 42
26 58
44 55
10 38
56 59
9 16
4 8
48 51
25 51
24 30
2 46
2 32
30 48
3 23
7 22
40 49
13 20
12 27
38 57
16 50
26 58
15 19
9 43
12 42
1 39
14 54
17 29
29 46
0 33
39 57
15 53
13 33
5 37
3 22
37 44
12 29
9 16
10 52
35 55
23 27
39 53
19 32
25 58
37 50
34 41
18 53
4 36
1 32
43 44
24 53
2 48
27 47
0 28
30 38
9 45
48 52
40 54
55 59
26 43
48 53
40 59
23 34
9 16
3 51
39 47
35 44
0 43
12 56
23 25
31 48
21 57
45 58
22 59
16 48
5 58
13 50
22 50
18 21
24 32
46 60
40 52
40 44
18 30
21 53
24 30
21 23
29 52
4 13
25 45
29 40
9 16
0 17
3 51
14 55
33 49
29 30
3 50
46 54
41 43
14 52
25 44
14 29
30 34
22 29
34 41
28 53
20 52
22 22
0 17
10 58
11 18
10 28
29 54
6 38
41 42
7 27
39 55
6 12
42 48
31 32
4 33
41 51
3 57
49 50
39 43
15 35
2 48
8 56
17 25
31 38
1 25
10 35
7 44
29 31
10 56
5 12
52 56
10 54
42 44
16 45
0 55
11 12
10 46
14 47
44 58
14 60
23 48
6 49
11 47
14 25
10 33
8 16
40 56
3 10
39 44
16 58
34 43
51 53
3 26
33 54
24 53
32 42
15 32
6 47
10 36
12 57
25 42
7 32
22 23
7 19
20 39
17 29
30 51
28 42
56 58
34 47
25 53
12 58
3 58
35 40
53 58
13 35
17 19
20 51
39 51
28 41
21 58
18 46
8 58
18 40
46 48
31 35
13 25
20 56
8 9
20 56
25 49
16 24
33 49
27 55
20 59
33 57
39 47
13 32
9 56
18 22
0 16
31 52
10 47
2 37
33 49
15 54
9 58
45 46
50 55
56 59
8 15
35 48
13 18
49 51
31 50
0 23
6 25
33 34
39 53
42 47
11 21
13 22
6 28
21 43
16 36
11 36
7 22
20 50
8 59
9 32
34 42
43 52
17 24
6 47
12 46
50 55
21 28
53 60
36 42
2 59
16 46
18 31
14 48
48 53
14 20
20 55
42 47
33 44
2 35
31 54
54 54
19 44
15 16
2 36
18 20
36 40
49 52
25 38
43 49
5 29
41 41
3 9
13 54
46 47
42 50
34 54
20 56
27 32
38 60
28 52
8 40
10 18
18 49
21 29
15 25
23 39
36 49
4 28
35 53
32 56
29 41
19 59
17 38
6 59
50 53
26 40
18 48
19 20
20 40
2 50
14 59
45 49
24 40
15 60
5 51
7 15
7 16
4 22
46 48
19 55
11 18
11 33
18 44
19 36
7 15
28 60
0 31
32 42
32 39
30 33
20 40
10 40
29 37
10 60
3 50
33 44
31 39
10 14
29 48
15 32
12 16
6 18
3 39
1 45
35 54
46 49
14 49
3 55
30 45
21 40
11 51
3 50
39 50
12 43
8 47
5 26
54 58
27 60
43 49
4 33
11 19
13 17
6 30
40 43
1 39
16 20
0 23
29 55
3 53
9 19
44 50
47 58
3 45
27 34
23 27
13 49
14 28
25 53
44 47
21 43
21 31
9 30
17 49
11 28
15 42
38 49
13 40
36 44
55 57
46 47
7 44
37 55
10 40
15 60
30 56
19 35
36 39
44 50
35 40
5 6
50 50
17 42
22 57
4 28
51 58
7 24
11 37
1 16
23 31
49 58
19 41
9 14
41 59
5 38
43 58
0 18
5 5
58 60
2 14
32 59
15 25
6 34
47 54
12 36
35 55
42 51
8 35
2 37
28 54
21 24
3 3
20 29
19 26
34 54
24 46
38 57
14 34
29 30
5 11
39 54
8 20
2 27
15 52
5 49
10 34
0 26
43 54
11 51
29 43
35 48
52 52
15 40
11 28
25 49
26 47
6 29
10 39
48 52
6 24
20 52
23 60
10 49
47 54
42 45
21 24
1 29
45 57
22 57
6 34
8 50
13 41
32 48
6 7
0 43
31 47
24 27
3 17
25 48
40 52
13 57
38 55
19 54
3 5
39 52
13 56
37 58
16 59
1 47
58 60
19 25
57 60
15 24
27 28
11 50
16 20
6 32
44 50
35 39
5 26
12 33
42 58
23 34
10 27
17 50
18 24
50 54
24 44
17 43
4 55
24 30
28 49
23 40
43 58
4 30
8 45
21 57
18 52
15 46
33 57
41 46
17 39
2 24
40 51
9 57
35 47
37 43
1 51
38 58
29 41
13 21
35 57
0 54
7 58
6 19
32 50
27 60
5 44
4 54
14 50
15 28
19 59
2 11
28 59
19 43
48 52
11 23
7 28
33 60
1 19
1 46
6 55
37 49
15 32
23 34
13 40
6 8
17 18
0 19
5 42
36 50
32 36
30 48
29 30
20 56
41 57
8 38
32 49
1 10
3 29
11 38
1 26
26 45
48 60
7 58
27 35
16 39
20 47
41 53
46 51
39 51
8 27
2 54
8 55
8 12
3 56
4 29
3 5
21 42
39 44
13 39
30 55
3 41
14 60
30 52
0 28
29 47
7 45
4 28
1 3
50 52
40 42
18 53
1 60
11 17
16 48
13 60
17 24
39 57
15 58
15 38
7 14
22 55
46 57
29 56
36 59
20 46
9 24
33 44
29 60
5 17
28 30
36 40
36 57
34 50
7 40
14 23
19 21
9 45
44 48
16 31
0 13
53 57
13 27
12 35
22 39
19 31
10 46
30 54
1 55
43 53
37 48
3 52
21 24
27 57
3 43
8 29
47 58
26 35
19 54
24 42
33 46
37 50
41 49
19 45
43 51
16 51
28 44
29 53
22 45
45 59
3 53
20 29
40 49
17 23
27 58
0 48
28 35
8 48
5 21
24 38
60 60
12 17
32 37
34 50
26 36
1 35
5 27
7 12
15 60
44 46
11 39
9 25
18 42
37 57
26 59
9 34
16 20
16 53
6 30
9 20
2 59
37 39
12 32
4 11
12 36
15 41
19 54
13 30
50 56
24 51
29 56
34 51
15 26
43 45
9 56
26 44
9 15
4 19
7 39
29 36
31 39
0 56
31 55
27 41
3 5
32 40
13 20
15 47
21 50
8 36
13 51
35 50
22 37
24 33
53 53
16 54
17 27
33 38
6 17
16 46
57 58
32 51
7 53
27 49
34 59
8 43
7 36
47 49
38 40
4 40
3 39
15 60
15 38
10 55
37 43
42 51
23 57
10 42
43 46
38 55
39 50
17 53
0 16
5 59
28 42
30 58
3 33
47 55
6 53
42 46
16 56
26 28
1 45
2 26
30 30
42 53
3 21
21 48
30 53
25 37
6 43
7 16
27 32
51 53
34 40
7 15
45 47
29 60
14 24
34 58
4 48
7 12
46 52
20 33
3 18
40 48
5 59
26 38
8 46
9 28
1 13
25 54
34 35
24 50
13 34
5 49
18 33
16 16
14 57
24 44
24 40
34 56
19 39
0 28
9 12
14 30
14 45
1 11
20 30
1 56
6 45
2 8
30 56
45 51
16 57
2 6
4 40
22 31
24 27
9 12
8 27
28 32
17 40
33 44
6 15
9 35
1 45
18 22
14 56
35 52
9 14
11 46
0 34
