1475
9 14
40 44
0 44
5 26
9 29
22 42
28 33
40 54
28 34
39 55
10 18
33 48
60 60
3 6
0 56
1 41
11 37
5 29
51 60
6 32
10 31
35 49
44 60
25 39
0 27
19 34
11 41
4 45
28 55
36 38
38 45
26 43
4 36
1 60
57 58
44 48
11 11
16 19
18 37
21 46
0 24
16 30
2 34
13 46
40 44
5 52
29 38
4 7
44 48
2 48
8 53
31 35
12 21
13 60
14 47
5 8
17 34
31 56
10 58
6 43
3 52
9 53
35 51
6 54
14 33
51 51
31 46
17 50
13 40
38 40
6 25
41 54
45 47
32 47
9 46
2 22
22 51
17 38
5 6
4 40
19 31
10 28
9 29
17 25
26 37
10 12
7 11
35 46
25 27
13 50
45 60
12 28
16 23
56 59
49 51
32 56
2 20
2 39
29 33
2 5
18 31
33 55
13 52
0 10
18 41
26 36
3 29
43 48
21 54
2 39
31 49
37 49
34 59
45 55
5 11
35 37
21 38
20 48
34 49
53 56
15 56
4 4
12 36
51 55
10 43
42 46
25 42
7 11
16 36
3 36
11 39
21 29
15 28
15 44
21 30
31 46
4 22
3 8
22 40
11 52
3 58
21 25
43 46
34 41
11 40
5 49
17 17
12 45
49 53
9 57
1 4
18 39
20 21
45 48
24 57
27 50
37 38
0 48
10 44
17 57
2 3
38 44
31 36
18 58
7 44
14 33
45 55
48 50
33 47
21 54
7 50
49 60
35 41
13 48
3 56
37 44
25 58
17 24
40 59
16 47
2 55
4 42
43 52
3 51
17 33
43 48
34 41
10 29
15 59
35 35
11 53
38 38
54 59
40 55
0 2
21 38
1 44
7 24
19 31
34 55
13 29
45 55
36 49
17 48
27 37
51 54
23 30
39 42
40 59
4 46
38 56
3 41
2 49
29 36
6 31
49 54
36 57
49 52
10 33
16 57
7 53
10 24
25 37
8 60
0 55
2 5
41 60
11 56
8 23
19 27
7 52
4 35
7 58
26 44
6 14
36 51
3 19
3 27
22 58
10 34
2 49
22 27
26 59
34 37
11 27
5 23
26 42
13 39
30 58
13 35
14 15
17 43
2 58
15 28
17 17
19 56
3 12
52 53
31 49
8 43
19 29
8 15
16 57
18 24
6 46
9 42
10 26
2 34
12 36
30 56
1 8
26 42
29 37
27 43
33 34
23 58
43 47
14 43
14 43
31 46
1 5
18 33
22 46
15 57
34 52
16 28
0 32
56 57
24 54
9 14
28 53
14 46
39 44
47 51
18 39
45 58
41 49
40 51
6 45
48 56
10 19
15 52
15 35
14 52
1 12
8 12
1 25
16 53
48 58
13 40
15 45
17 56
11 52
28 55
38 46
15 17
22 45
13 58
2 9
12 28
37 55
58 59
36 58
7 51
29 59
22 48
3 60
19 34
54 60
46 56
30 34
5 15
18 26
48 56
1 33
36 53
38 40
5 47
27 56
50 55
35 40
8 32
16 33
11 32
27 30
43 43
6 36
52 59
4 50
35 51
13 24
33 42
20 53
35 55
2 37
1 16
25 59
16 46
30 50
34 44
24 49
18 18
10 53
30 39
15 21
16 55
6 25
50 56
27 60
19 33
59 60
15 44
45 51
12 46
11 23
1 23
25 45
48 57
39 50
11 55
18 21
35 46
42 47
23 31
43 43
45 49
3 55
36 49
11 20
3 31
40 59
43 47
5 10
36 47
32 48
12 45
19 41
42 45
19 35
12 58
13 18
14 26
42 49
7 25
36 55
20 55
19 26
0 37
33 54
17 48
33 51
29 58
28 42
14 42
15 49
2 17
12 31
28 59
17 56
24 54
18 20
5 22
46 52
51 56
19 46
4 52
20 58
0 7
55 58
36 54
22 45
8 33
37 40
27 53
55 58
5 51
35 53
27 49
31 43
17 32
54 58
37 51
28 56
23 24
36 43
20 45
16 20
53 56
0 47
17 36
18 59
1 21
35 43
30 47
17 21
45 50
47 58
21 44
4 33
6 48
2 21
35 47
3 41
10 43
16 44
11 22
7 54
14 60
3 31
25 38
17 35
38 58
20 42
36 54
1 26
41 41
5 15
38 60
24 44
7 13
9 27
28 50
5 11
19 32
45 48
11 41
30 45
14 26
41 52
18 19
0 60
9 48
18 21
14 49
27 51
7 10
2 48
23 54
51 53
13 23
25 38
2 10
1 41
41 53
8 24
5 37
40 59
21 60
5 29
40 60
23 39
39 50
6 9
27 31
4 15
12 32
0 14
35 40
0 20
20 57
25 49
4 10
43 48
0 1
7 16
21 53
1 12
20 21
26 36
48 53
22 56
25 55
36 46
25 36
7 9
24 49
18 36
36 51
35 57
4 50
8 48
2 38
19 26
45 49
6 10
4 39
13 24
0 1
32 52
5 17
5 16
16 47
19 57
10 32
34 38
2 26
19 57
1 17
14 44
4 56
17 54
5 51
13 32
27 50
12 39
24 34
13 17
11 47
35 49
22 51
8 14
14 48
13 42
9 41
10 57
4 34
13 60
22 28
9 45
4 36
27 29
1 2
11 44
14 60
22 26
21 34
44 54
10 16
9 60
2 58
19 42
39 42
4 21
30 32
16 30
33 40
5 24
28 32
20 40
1 33
8 59
37 57
7 31
18 58
9 14
33 42
4 14
12 59
1 13
37 51
9 51
16 31
17 36
7 31
34 39
4 43
3 26
2 6
40 42
58 59
5 22
5 44
1 5
35 59
11 52
3 18
5 21
7 23
5 50
44 55
39 42
25 54
0 49
17 25
7 32
3 55
36 50
20 41
0 51
10 51
30 45
3 56
53 60
6 10
4 59
22 45
10 55
14 20
14 19
28 48
19 54
46 47
1 43
36 41
0 49
30 46
18 59
8 17
14 50
19 21
28 43
6 54
8 46
16 23
58 60
15 59
19 57
22 53
0 31
3 32
7 16
27 43
48 57
2 25
5 56
33 36
33 37
12 22
27 59
51 57
18 49
5 9
3 28
22 35
46 60
26 53
54 55
6 45
21 30
20 26
19 53
13 50
13 28
11 42
8 26
24 55
6 21
10 41
21 21
39 50
18 39
33 56
45 56
33 52
33 48
34 55
29 30
6 9
6 10
46 50
27 48
6 49
26 53
26 28
8 33
3 47
38 43
23 33
30 42
34 45
0 17
22 40
34 44
53 58
12 55
0 51
34 49
46 52
22 45
33 33
16 54
1 6
2 6
36 42
18 60
32 34
18 55
27 49
8 34
17 42
36 41
21 55
32 48
43 56
6 43
17 49
20 20
34 55
0 12
15 46
26 38
19 40
0 43
11 15
6 8
29 60
35 42
10 51
17 60
55 57
20 23
1 39
32 53
21 52
1 13
47 50
11 52
11 27
1 7
16 40
29 40
25 54
21 23
23 30
19 40
35 55
31 44
27 47
32 59
27 37
9 30
25 41
5 54
26 27
39 55
13 21
51 51
11 48
17 53
35 54
1 34
24 27
15 16
31 60
16 51
39 59
8 43
15 39
31 47
22 55
16 47
16 57
26 33
10 45
12 60
21 57
21 31
44 52
18 32
9 38
0 9
52 58
30 45
18 45
8 23
36 54
8 32
27 54
44 60
15 58
31 55
23 55
47 57
41 45
35 53
28 39
38 44
20 30
24 39
32 48
27 35
27 43
8 19
16 36
40 45
15 39
7 8
3 38
18 23
1 5
7 39
11 13
1 3
19 55
10 35
4 20
14 29
39 50
26 45
11 20
40 48
1 53
22 57
10 50
49 60
30 47
5 25
30 58
11 51
20 25
21 31
0 17
5 8
9 60
11 56
50 57
20 42
42 53
45 50
5 6
14 45
6 43
19 31
8 8
10 58
10 46
4 39
14 27
12 56
22 42
14 58
20 40
27 41
1 54
39 50
6 40
3 10
31 41
19 46
26 60
7 28
15 23
8 42
38 41
38 57
26 51
16 42
2 25
11 49
2 8
39 45
6 25
6 41
28 55
13 34
13 13
21 24
5 39
2 29
20 28
10 19
31 36
14 35
6 9
7 54
9 10
41 55
3 57
31 47
19 25
23 55
11 18
44 53
13 23
44 47
9 9
32 52
33 49
51 52
40 41
12 41
21 32
16 23
38 59
38 50
24 25
8 59
5 43
21 50
4 39
40 57
29 51
0 59
13 32
29 44
36 50
1 32
38 49
43 47
9 54
48 50
13 51
41 56
9 10
30 56
19 19
23 48
16 55
3 19
38 49
32 50
13 39
0 28
35 55
54 60
8 42
41 58
5 40
1 25
25 39
24 54
22 23
2 56
25 45
28 45
20 29
14 48
50 53
4 7
16 35
7 9
7 10
6 39
2 22
7 13
34 59
16 49
21 40
2 12
21 52
9 24
50 59
1 26
22 40
21 46
1 58
2 18
18 24
22 48
9 31
34 49
19 25
17 57
27 27
40 54
12 23
44 44
46 49
28 30
4 48
19 37
16 47
23 60
35 45
22 27
32 50
1 10
20 30
8 34
4 51
43 53
5 21
4 9
26 46
45 53
2 31
46 53
5 45
32 55
8 16
21 60
24 25
9 47
32 60
55 57
13 52
31 49
1 3
52 53
35 50
16 53
22 52
41 51
14 20
27 34
11 52
34 53
5 16
25 32
3 8
17 39
29 34
13 19
30 57
9 30
25 57
13 25
10 46
7 45
27 60
0 49
30 40
24 56
13 17
28 30
13 28
15 44
8 38
1 3
20 36
24 58
2 32
1 7
12 46
11 37
18 58
48 56
2 19
20 29
50 60
46 46
17 59
39 47
15 28
47 54
33 40
25 33
41 52
36 46
4 17
4 26
9 48
53 56
41 57
18 59
46 46
10 10
42 60
20 59
3 28
37 52
6 56
8 45
17 42
7 48
23 51
2 9
2 12
11 49
2 39
5 20
24 41
30 45
12 53
28 50
34 53
29 35
46 54
2 39
22 35
32 59
1 27
13 46
4 48
19 20
30 36
31 55
38 46
6 21
16 47
16 29
13 31
56 60
13 30
14 47
38 49
36 60
29 33
30 32
4 22
21 27
10 31
11 39
20 36
12 49
13 30
5 5
26 59
43 45
56 58
13 40
48 55
33 51
4 35
43 50
20 58
41 48
30 31
5 10
2 42
3 5
24 33
4 47
16 35
2 59
30 48
44 52
40 52
19 50
0 37
43 60
13 35
24 25
11 48
10 18
20 42
28 32
19 59
42 45
7 46
39 57
4 50
46 52
3 12
9 43
53 59
19 53
30 54
47 58
12 37
1 3
14 46
1 21
16 20
8 51
21 38
28 41
36 49
26 53
6 14
18 28
10 48
42 42
8 58
8 30
26 43
44 49
27 30
6 53
38 48
8 41
11 47
37 45
15 59
11 58
16 20
25 36
27 58
25 30
23 59
26 34
12 41
44 47
36 44
11 37
47 56
21 60
9 58
31 41
9 49
3 13
33 41
37 53
0 13
1 34
34 57
22 32
11 13
8 30
30 41
13 30
44 55
28 44
6 10
11 43
3 46
10 24
4 58
19 50
45 52
37 48
30 41
11 12
34 41
11 39
19 21
17 35
29 58
5 15
43 53
4 29
1 33
13 18
17 55
50 60
5 41
32 38
12 12
10 59
24 31
8 27
22 43
4 34
15 50
37 39
23 51
7 22
41 51
22 25
14 24
9 30
16 40
0 38
0 44
20 23
22 28
19 51
24 47
27 32
16 44
45 47
19 60
19 37
1 39
2 33
59 59
19 35
7 27
0 22
25 34
33 56
17 18
10 23
11 44
2 31
28 49
0 38
2 12
19 46
34 60
9 42
21 52
2 19
27 31
35 39
40 46
49 52
23 48
6 8
41 58
4 41
21 59
28 56
6 23
26 54
18 51
18 52
26 49
17 26
26 38
16 48
46 58
18 44
23 29
10 27
48 58
34 56
55 59
29 35
39 53
26 46
43 55
10 30
6 33
9 30
11 19
27 48
30 42
46 58
14 25
28 47
4 13
6 19
6 6
22 29
11 37
25 41
52 57
11 15
29 34
5 51
19 49
40 51
23 41
16 54
3 24
43 56
21 53
16 50
25 59
1 43
28 53
10 13
12 29
18 58
33 34
14 35
18 49
26 50
31 37
11 42
15 37
17 50
22 50
8 31
19 41
26 59
23 49
30 47
35 47
18 58
23 57
13 31
19 42
14 34
3 11
18 59
42 55
10 12
2 8
52 53
24 38
25 59
22 56
35 58
1 43
27 42
50 60
31 57
44 49
17 51
6 33
6 59
15 19
20 39
23 52
12 25
36 40
17 58
39 43
5 57
21 49
21 49
16 36
9 35
11 60
8 35
1 37
4 43
12 57
20 26
39 44
11 16
33 35
11 39
17 54
3 39
7 33
28 50
27 48
58 58
4 41
4 33
0 45
5 7
23 50
42 57
14 32
27 50
33 41
44 56
19 34
30 58
16 29
24 44
14 29
21 21
1 12
27 58
0 1
9 18
43 52
3 55
20 28
25 40
41 47
22 41
28 37
34 48
14 18
9 54
4 21
29 37
32 53
22 39
