2657
34 55
31 48
42 48
41 49
49 55
37 57
41 57
5 54
14 38
51 56
12 22
44 52
37 43
1 18
24 30
35 44
8 11
26 38
9 52
32 34
18 49
10 46
10 47
3 30
9 30
34 34
9 60
23 48
26 42
27 32
16 46
22 32
30 58
1 33
34 37
9 17
48 55
4 12
11 58
18 33
17 47
23 26
5 42
35 53
1 11
2 26
13 56
36 43
45 49
20 36
32 39
5 52
22 24
15 31
10 55
15 43
13 52
12 28
13 30
15 58
28 59
8 15
15 45
52 56
10 50
24 48
26 57
8 31
14 32
6 47
17 18
43 47
4 54
16 28
8 58
48 56
45 46
12 16
7 32
11 52
7 47
7 16
25 43
11 15
43 58
17 22
26 59
6 36
4 23
27 47
19 24
25 60
9 9
56 59
35 36
30 41
5 58
4 38
7 23
12 23
56 60
35 59
27 52
17 56
29 42
17 52
21 42
4 36
23 46
11 25
30 53
29 32
3 35
25 59
13 47
9 57
0 33
51 57
16 50
59 60
1 32
0 7
42 58
32 53
38 38
2 59
18 21
5 46
21 31
4 37
20 39
8 21
21 23
30 33
3 40
4 44
30 54
2 6
5 44
27 41
2 43
13 18
40 49
40 52
9 19
43 44
5 44
40 42
13 55
21 44
11 13
20 26
43 46
40 50
23 38
42 45
40 45
6 24
0 32
28 37
0 52
23 23
5 17
2 25
11 52
9 37
0 27
18 51
49 58
20 36
49 53
27 60
48 55
20 59
11 41
6 33
13 25
45 57
0 52
21 46
27 34
15 48
37 40
23 48
20 29
1 20
4 53
32 43
3 39
42 46
13 42
5 60
4 19
22 54
33 44
26 32
9 14
38 52
15 26
9 46
20 48
10 33
5 59
35 41
14 27
51 59
15 44
8 20
5 41
5 24
11 29
37 60
20 46
3 26
37 49
19 44
2 52
3 47
19 36
8 59
23 35
12 48
14 56
7 14
52 57
7 43
25 49
7 51
41 59
30 53
29 55
5 55
27 33
41 50
32 59
28 32
30 57
6 12
0 7
4 40
33 41
8 45
3 13
20 32
21 50
24 41
3 53
42 58
3 45
52 55
38 58
9 59
10 37
20 53
11 23
57 58
5 23
22 33
14 34
25 26
8 31
24 53
30 46
8 59
40 52
12 19
4 54
1 7
19 26
37 55
36 51
1 43
32 46
4 45
31 39
10 44
28 60
41 58
24 47
13 33
28 51
29 30
13 23
39 54
24 32
13 28
28 31
28 59
23 46
0 51
0 9
14 18
11 38
5 18
17 44
8 40
31 36
29 33
26 47
7 42
4 50
21 49
5 37
7 53
26 50
8 47
15 54
26 47
26 51
4 17
53 54
24 44
56 59
24 43
23 32
17 36
36 37
42 46
9 31
8 59
21 56
32 39
31 55
24 34
49 52
5 55
1 4
4 32
4 53
31 52
26 36
9 50
20 22
27 30
12 26
23 41
47 51
25 57
16 52
35 56
18 56
48 51
24 49
13 45
2 16
29 41
16 40
13 38
1 56
8 21
14 47
2 34
21 31
1 16
47 58
34 51
18 37
33 59
13 49
14 39
48 54
48 53
2 11
29 46
2 13
0 48
17 30
45 57
18 60
14 49
7 18
28 56
2 44
1 21
25 55
0 48
22 49
9 58
16 47
24 43
19 60
31 56
5 47
18 50
33 58
32 41
33 47
29 42
15 20
57 60
10 47
32 33
32 42
33 39
49 58
32 33
54 59
36 51
15 36
26 57
44 51
28 45
3 55
4 41
2 23
4 10
1 26
4 7
11 35
21 31
18 56
37 55
37 42
6 46
22 52
9 39
57 58
20 38
5 14
2 54
50 51
42 45
21 27
0 30
9 29
14 56
35 54
11 21
24 59
13 51
0 21
3 41
7 11
25 53
28 49
6 35
10 45
1 5
46 50
45 45
6 29
4 27
41 49
5 25
13 52
0 30
13 56
15 48
23 36
52 54
20 34
10 27
27 38
47 51
49 56
52 55
11 35
54 58
31 49
22 48
5 45
17 39
26 29
11 39
14 24
9 28
47 57
22 37
42 58
11 40
2 21
17 27
6 8
45 54
5 24
45 56
16 58
40 59
26 54
33 35
34 53
37 50
2 27
4 16
33 56
11 54
17 21
15 26
20 51
5 14
15 55
5 13
37 50
6 54
41 54
3 15
19 30
23 33
44 45
22 48
15 51
30 57
27 58
48 59
19 51
23 27
17 32
44 57
7 14
8 17
21 38
3 20
13 28
43 56
15 56
10 18
18 52
5 26
26 51
38 46
28 34
0 30
27 37
42 60
3 38
9 38
27 35
26 60
21 47
19 22
11 43
31 39
14 43
22 49
21 56
36 39
28 56
22 43
3 4
17 49
44 48
18 47
16 53
18 52
23 30
16 36
31 57
53 60
0 44
0 8
31 35
10 41
0 57
24 35
48 50
33 56
28 46
48 58
44 46
15 38
7 58
40 47
4 30
46 55
56 57
4 37
28 42
6 8
36 37
13 37
17 43
11 55
8 35
15 28
18 46
33 49
30 47
36 44
21 43
0 14
17 57
18 22
11 58
13 24
7 18
23 43
53 59
36 45
18 37
13 51
4 37
8 18
34 44
1 52
20 57
8 40
18 37
18 42
2 44
26 31
4 7
12 51
11 17
21 40
29 45
5 49
38 40
9 21
5 51
1 58
39 46
2 5
44 54
17 56
18 59
13 43
13 28
22 49
59 59
29 29
28 53
2 44
3 32
1 15
26 38
26 43
23 59
39 40
13 22
35 56
24 28
1 53
2 21
37 43
9 42
15 22
27 30
13 17
34 56
3 28
42 46
19 35
18 46
33 43
45 56
4 20
37 58
40 41
3 52
48 50
57 58
2 47
35 50
27 51
35 46
17 46
7 35
17 26
14 42
1 2
1 30
0 22
45 52
44 46
8 17
12 34
36 47
36 38
56 56
8 14
29 34
27 38
21 35
23 42
51 52
12 59
24 25
12 41
55 58
38 40
1 56
30 42
23 48
35 58
27 46
37 56
8 16
39 48
6 34
22 48
26 41
2 49
15 58
44 60
56 59
26 44
14 15
52 59
3 14
31 55
19 57
20 34
12 50
13 15
39 57
10 41
6 16
36 50
22 57
12 43
6 48
19 28
14 51
0 46
23 38
21 30
20 20
43 56
21 42
40 55
35 48
53 54
4 18
48 58
5 7
48 51
2 4
10 26
1 56
24 49
23 52
25 25
29 38
18 40
0 9
12 17
9 43
35 59
16 48
0 24
3 20
56 60
11 52
48 55
34 38
4 20
40 52
8 47
39 50
37 56
6 58
24 35
8 27
12 58
33 42
19 27
56 58
32 40
5 13
5 56
24 41
15 28
2 25
2 30
24 29
3 51
25 38
2 13
27 46
1 32
19 23
21 59
16 53
29 56
15 21
12 55
10 49
13 38
25 59
4 12
30 56
46 48
29 41
31 39
28 37
7 53
15 51
12 21
0 52
37 58
33 59
42 48
5 52
45 56
1 58
16 41
1 39
23 30
37 39
51 53
39 59
38 41
31 50
0 39
5 51
27 39
3 24
22 49
13 15
5 49
4 57
38 52
30 46
13 56
54 55
40 47
8 24
23 40
21 56
25 43
31 58
6 59
18 53
7 39
24 38
9 26
10 53
13 60
14 53
4 10
4 20
41 56
13 37
28 52
12 49
23 26
33 58
27 47
4 48
18 32
5 24
10 16
40 46
30 50
6 39
14 59
33 34
22 44
29 51
22 27
5 49
35 38
12 28
6 10
23 28
39 54
5 15
8 43
11 11
0 45
31 40
23 47
20 42
59 60
11 58
27 30
37 43
9 28
22 28
29 32
3 4
22 56
26 52
8 57
3 57
23 52
2 27
24 59
8 27
55 58
45 59
12 17
3 12
21 53
17 32
5 59
7 20
1 25
30 50
12 25
11 30
24 45
8 48
0 16
53 54
55 60
37 50
16 30
19 30
28 54
2 35
8 21
18 30
40 47
2 47
24 33
22 57
3 60
37 38
28 32
5 37
6 46
16 16
17 54
7 55
14 16
38 48
9 24
29 59
19 47
14 49
32 48
4 6
13 22
33 42
27 49
31 56
29 49
15 46
17 46
33 47
54 56
33 60
5 18
0 46
11 22
19 43
28 33
14 47
20 35
39 48
10 60
10 22
42 60
0 60
16 35
43 53
7 38
10 28
8 42
14 55
4 21
25 50
18 25
24 33
7 27
20 40
40 60
9 20
45 55
26 46
28 53
25 40
38 51
31 42
9 20
42 46
18 27
26 30
1 56
0 28
4 26
41 54
43 59
8 18
49 56
16 35
8 22
3 7
22 45
31 44
18 23
18 56
34 60
13 22
25 35
27 38
3 27
53 57
12 42
50 51
12 32
15 51
12 55
1 45
13 17
45 48
32 37
4 6
14 52
37 40
4 9
3 43
16 60
40 40
3 12
6 8
29 58
25 25
12 16
0 41
9 51
39 60
3 42
41 55
11 31
38 51
32 50
12 20
12 56
8 21
8 17
27 49
42 50
2 30
27 27
32 45
16 32
5 6
10 54
10 39
11 58
2 34
5 56
19 31
8 36
50 54
21 26
8 54
11 37
3 20
49 53
9 25
9 43
4 26
15 43
50 55
4 23
3 50
27 38
28 60
11 19
23 35
14 46
19 23
10 53
36 59
15 52
57 60
0 59
2 21
33 38
31 37
37 60
18 46
12 42
22 26
7 53
16 22
19 47
28 59
19 55
6 60
12 27
42 48
15 58
23 29
3 43
38 40
14 19
51 58
31 45
12 60
8 59
0 30
51 60
15 21
4 38
3 16
39 57
2 55
37 58
20 53
9 17
0 10
17 50
34 43
38 44
22 43
11 44
11 11
12 46
19 51
12 44
18 25
9 52
38 54
47 56
20 60
15 45
19 48
22 36
16 22
31 35
23 40
36 48
16 52
4 30
15 20
10 10
34 48
10 58
9 47
25 29
26 43
41 47
10 14
15 52
34 52
1 32
15 52
51 60
7 10
13 41
39 58
2 42
5 56
57 59
33 35
40 50
51 52
53 53
4 43
7 24
11 42
16 25
2 44
9 40
8 45
11 49
58 59
12 13
25 60
25 58
2 41
24 60
18 37
21 58
26 30
42 43
39 43
4 25
31 53
25 57
49 60
13 50
18 40
15 58
35 56
12 52
20 40
26 54
17 36
40 43
43 58
23 55
50 57
11 54
15 59
30 33
31 32
33 33
38 52
14 46
27 43
20 57
2 45
7 43
11 22
41 56
6 13
9 59
5 42
27 59
26 27
3 20
16 60
12 28
6 53
55 55
10 41
26 58
31 54
9 59
0 34
24 51
26 27
16 19
12 57
18 50
40 51
11 55
6 58
45 49
0 10
0 29
5 58
1 44
17 40
2 58
13 41
21 30
11 25
2 58
12 36
34 52
13 36
25 48
8 41
39 44
15 27
26 53
28 32
42 48
42 60
46 60
39 52
48 56
20 24
26 51
34 39
6 35
14 40
26 44
33 56
21 42
11 45
33 48
9 42
17 50
6 11
4 6
1 55
8 10
6 26
52 58
30 41
14 15
40 58
4 56
1 40
38 43
27 56
21 34
54 56
42 49
13 55
15 56
36 56
42 44
39 57
28 34
10 36
10 22
23 52
1 13
32 33
13 54
27 41
6 50
45 46
35 37
2 23
30 37
15 15
9 29
24 30
20 46
24 46
11 27
43 52
27 59
0 52
31 49
0 11
18 33
38 40
37 40
4 8
26 37
11 31
19 57
4 49
18 31
5 51
26 26
37 60
12 42
7 14
5 16
7 23
31 55
23 38
19 24
2 7
35 53
10 39
20 28
4 50
0 56
25 59
20 45
14 43
56 59
40 41
21 22
15 42
4 41
3 26
21 58
26 57
21 47
20 32
38 54
17 46
29 58
0 29
5 38
21 32
22 53
4 41
18 20
19 39
33 43
6 39
8 35
43 51
14 35
16 51
28 32
42 56
3 46
11 29
5 16
27 34
18 58
8 24
49 52
18 27
6 6
15 44
1 49
18 51
32 60
0 20
14 37
21 24
19 40
49 55
21 42
30 60
6 41
32 36
26 31
12 22
6 42
11 46
35 60
4 10
0 54
29 56
2 27
2 53
37 51
17 20
4 9
40 51
20 37
29 35
41 60
34 51
8 11
4 29
21 42
10 38
9 52
15 55
8 37
6 50
20 48
25 41
8 34
0 41
34 41
30 51
11 48
22 49
41 45
48 50
1 37
3 45
39 60
8 53
16 35
12 30
36 46
3 58
22 46
26 58
12 39
53 54
5 33
37 45
10 20
12 52
14 28
6 22
3 26
5 45
39 60
1 47
6 33
3 51
13 53
0 37
31 34
9 47
46 53
35 54
10 30
16 50
14 57
17 43
12 32
51 54
2 23
35 60
6 44
3 16
21 34
11 33
9 23
23 38
40 56
6 56
23 60
8 57
30 34
13 17
22 31
12 36
11 37
5 11
4 30
14 43
23 25
3 21
16 43
16 31
1 20
29 54
5 21
14 38
20 50
5 31
28 52
15 29
20 25
22 57
35 57
49 51
18 47
14 52
25 58
4 19
31 34
41 57
5 43
30 42
6 17
7 45
0 24
58 60
14 37
23 31
49 52
6 49
7 60
4 7
8 12
27 27
13 29
22 30
2 8
27 60
3 23
22 43
5 31
20 47
27 35
13 32
25 52
29 40
44 54
1 42
2 22
32 44
10 22
11 13
18 43
15 50
1 5
1 36
51 60
29 54
5 8
1 22
19 28
25 60
31 37
35 57
1 46
0 19
20 41
47 48
3 50
42 56
5 11
44 53
19 58
30 46
16 20
55 56
37 46
15 34
24 46
6 42
50 55
24 47
2 53
15 25
8 44
6 8
3 18
25 33
13 19
3 46
2 11
48 54
2 57
7 45
37 59
25 59
6 38
17 56
8 44
29 37
6 12
2 22
7 38
54 59
27 42
10 44
3 56
8 30
2 25
28 50
54 59
47 50
29 49
3 38
2 39
9 20
33 45
4 34
0 23
58 58
21 27
16 53
31 49
7 55
12 25
31 45
24 57
12 23
0 34
6 40
11 44
7 52
34 41
4 29
26 50
14 52
2 53
15 60
6 17
37 56
5 34
12 53
12 18
9 58
15 21
38 48
21 47
1 48
12 59
0 29
3 7
24 52
29 49
11 52
20 23
0 41
32 45
29 33
28 29
47 55
0 8
40 52
10 43
21 51
57 57
15 17
8 33
30 45
9 31
39 60
0 1
3 51
17 27
4 12
0 18
52 58
36 37
33 53
47 56
9 32
42 54
7 11
12 59
32 38
18 19
32 41
11 25
31 42
16 43
44 48
20 25
1 30
1 25
33 42
8 34
34 48
6 27
6 60
9 15
30 53
50 57
8 37
38 48
35 39
17 31
21 26
28 34
19 32
10 16
44 47
50 59
20 45
0 60
13 54
7 14
2 38
38 56
25 29
19 25
30 33
29 45
3 16
7 44
25 36
0 19
1 32
0 28
53 57
3 8
37 44
42 50
31 46
51 58
37 50
48 58
9 27
2 28
29 38
23 56
30 47
3 46
14 20
32 55
4 48
3 49
13 15
3 47
21 33
25 30
1 33
25 34
18 48
41 56
40 54
0 22
19 19
6 44
41 60
41 42
18 41
5 46
14 25
14 41
7 10
44 49
27 53
8 37
6 7
12 52
22 34
2 22
31 37
28 53
14 40
41 52
21 34
0 43
17 26
24 31
39 46
6 49
50 53
6 21
10 13
29 32
4 42
15 28
29 30
34 43
40 58
4 9
27 53
2 6
22 46
16 54
14 21
11 34
2 3
29 51
10 44
0 53
32 49
48 60
16 48
24 58
37 59
26 44
34 57
39 51
1 2
15 57
38 57
11 20
40 48
2 16
32 55
3 54
17 20
0 40
28 58
18 37
2 6
47 49
4 30
27 45
49 58
53 53
0 5
44 46
3 48
18 46
9 27
14 34
54 54
8 59
35 60
1 13
40 57
22 40
7 44
22 31
1 5
26 46
37 52
38 39
21 38
24 55
46 47
2 19
7 18
37 60
15 18
48 48
41 58
20 32
4 7
28 28
44 50
4 51
10 41
31 60
18 51
18 38
18 51
35 40
14 49
16 21
31 45
37 47
28 34
36 51
5 16
33 56
16 59
31 41
35 51
25 31
26 42
18 26
9 19
9 10
33 57
28 48
10 34
14 48
9 12
42 46
6 31
30 55
14 27
46 55
1 8
34 45
35 45
20 23
1 52
12 41
18 53
11 15
31 46
18 54
3 40
31 45
5 44
9 19
17 20
11 48
14 58
47 49
9 18
24 44
19 55
40 51
26 39
21 30
6 12
50 52
16 30
54 60
40 50
7 46
4 9
11 50
0 40
6 53
6 55
0 43
42 43
1 34
1 17
10 59
12 59
8 11
42 43
17 34
40 58
14 31
26 35
2 54
12 34
14 55
48 54
4 26
20 35
6 8
22 54
23 50
4 19
11 41
39 49
23 31
45 48
21 45
29 41
32 46
10 27
44 59
48 57
10 29
34 43
29 30
2 38
10 29
6 10
22 46
30 55
13 49
36 60
10 27
31 59
23 41
12 50
8 20
21 23
4 44
48 59
5 33
18 27
0 42
22 24
28 59
37 58
6 60
33 48
2 44
10 58
4 47
16 55
41 53
6 60
46 54
22 52
12 57
13 60
31 42
17 59
57 57
6 49
4 14
6 58
2 20
32 34
27 43
19 39
14 33
5 27
0 24
0 50
54 54
0 42
3 47
28 42
23 50
9 53
2 41
18 59
33 34
3 11
12 17
11 53
44 59
6 58
21 26
16 18
25 57
3 60
16 24
20 53
44 60
47 60
16 18
39 47
43 49
12 40
6 57
18 44
5 35
32 49
8 19
1 12
12 39
14 56
31 56
48 52
42 59
20 52
14 27
6 26
42 55
36 51
31 52
2 41
15 28
16 33
14 46
16 18
7 42
16 44
11 26
36 36
19 32
22 33
5 60
32 32
47 51
11 55
25 50
5 25
24 45
30 33
14 55
32 42
24 33
33 45
25 30
15 38
16 31
8 41
5 52
7 37
38 56
12 34
34 44
46 60
22 26
29 33
3 58
18 20
5 5
8 42
37 49
4 41
16 35
15 37
25 45
35 45
9 57
26 60
5 31
8 32
6 42
1 28
50 56
43 57
16 42
20 28
5 25
4 26
41 44
35 56
25 60
9 29
51 53
0 37
17 54
6 55
15 60
5 43
13 42
3 52
37 50
11 38
5 39
13 59
1 34
12 44
16 36
31 42
4 18
23 44
33 40
46 52
7 56
45 57
26 31
38 60
30 38
20 29
29 53
1 1
8 16
28 46
13 21
3 39
8 43
1 28
23 46
0 41
4 21
3 9
8 47
16 28
28 53
3 28
31 35
40 60
18 32
4 46
10 58
29 52
19 55
33 51
58 58
0 13
28 56
27 29
28 35
37 38
19 20
4 18
3 51
0 29
7 51
34 40
21 54
23 55
15 51
3 38
45 49
13 17
51 55
21 50
41 58
0 57
6 60
0 53
14 30
1 57
5 30
37 57
19 56
34 58
6 55
4 50
19 24
10 12
13 19
5 46
16 36
27 41
7 21
11 34
14 33
19 59
3 11
13 49
13 53
21 40
35 60
6 8
0 30
4 21
11 41
3 4
1 25
4 11
10 38
16 34
48 55
37 59
34 35
22 49
4 48
13 26
0 3
3 29
32 38
29 50
1 23
16 18
11 39
46 52
22 44
35 45
19 30
4 43
7 60
19 35
34 47
14 53
5 36
57 59
11 28
11 42
50 60
37 57
8 13
27 57
9 27
5 43
26 56
13 45
16 48
8 17
26 37
20 37
28 37
12 19
0 34
15 37
31 60
36 44
41 60
15 28
34 38
12 31
25 32
46 51
25 45
32 40
3 55
37 54
1 38
41 50
52 58
0 32
19 52
26 48
1 17
16 31
55 56
5 49
10 54
18 41
17 38
11 19
2 41
50 54
19 23
10 32
8 47
3 41
4 54
18 22
24 59
5 41
21 59
43 46
43 47
11 15
23 28
2 20
27 48
28 56
26 26
11 51
0 14
46 49
21 38
4 46
29 48
27 38
0 8
19 56
14 45
36 40
17 38
4 19
37 39
8 49
7 48
35 58
26 38
10 55
40 53
12 37
6 26
4 34
27 39
38 55
9 47
34 42
20 31
22 36
4 18
23 56
9 52
36 44
14 58
7 12
46 47
24 35
5 24
25 51
5 48
3 46
33 36
44 56
8 52
46 51
40 54
4 26
14 54
31 53
11 38
26 47
10 31
37 47
7 51
29 34
16 54
9 50
17 23
15 52
2 29
5 22
2 34
12 28
17 27
25 52
2 59
30 33
45 54
6 18
13 39
7 43
4 29
16 26
50 56
26 32
8 9
9 30
36 40
2 16
18 42
15 29
25 42
33 45
38 43
50 51
51 56
15 60
26 40
55 60
20 47
2 56
14 56
34 57
12 48
0 16
9 16
4 59
20 54
37 39
27 59
3 18
44 60
20 56
25 57
19 50
27 45
25 52
6 21
29 53
20 52
28 30
12 59
4 10
8 53
34 60
25 56
15 40
10 11
1 21
29 50
35 37
18 32
17 50
35 47
16 46
35 56
42 58
13 34
8 34
0 18
11 34
16 23
4 17
3 58
16 55
1 11
43 43
12 30
24 48
11 39
18 36
54 58
27 57
31 51
39 60
53 59
30 31
0 53
0 4
20 29
6 22
1 33
19 44
23 58
31 40
12 36
25 57
6 32
20 41
6 33
11 23
7 10
22 31
1 3
48 58
21 41
16 32
13 35
34 35
9 39
14 18
20 38
43 48
21 28
14 45
16 34
4 6
0 56
34 36
6 34
2 10
7 31
31 55
17 51
3 20
26 42
24 52
8 19
27 35
7 10
11 57
40 47
23 54
20 41
38 55
22 60
39 49
12 13
3 23
11 13
37 44
42 47
2 45
28 60
51 52
21 26
22 31
27 35
20 29
36 50
38 42
12 58
1 20
21 56
49 53
48 56
8 37
7 17
0 44
4 5
22 44
25 45
5 56
24 35
24 46
52 57
38 45
17 43
32 43
59 60
4 32
41 58
0 44
5 25
28 51
9 26
9 46
31 60
10 36
26 52
17 37
16 43
9 10
1 5
10 21
20 52
14 29
49 51
21 52
19 36
19 46
4 24
3 25
6 35
37 45
17 40
22 45
20 23
5 23
1 49
6 39
12 54
47 60
15 19
45 52
36 43
2 37
4 8
17 29
19 57
13 17
41 57
0 14
30 41
9 18
51 60
30 52
44 49
8 49
40 52
34 59
33 37
12 24
13 42
2 11
33 60
0 51
25 29
18 54
1 40
33 55
12 57
32 51
11 11
26 36
23 25
27 47
5 16
9 22
1 18
49 50
32 46
3 19
42 48
25 35
21 50
25 47
6 39
10 42
42 56
9 23
5 60
6 14
30 39
10 60
6 14
9 22
4 11
32 54
12 47
24 58
8 41
28 35
24 34
48 58
10 48
18 57
24 39
18 28
17 46
5 7
26 36
31 51
42 47
49 52
35 48
41 50
23 25
45 52
35 48
19 51
14 52
35 54
17 42
28 46
0 33
14 54
24 40
24 57
48 54
41 57
17 33
22 40
7 26
24 33
4 60
1 55
25 56
26 36
34 54
30 40
17 53
6 22
36 46
12 16
20 52
29 46
11 13
22 35
8 18
32 48
26 31
10 26
24 33
40 56
1 21
5 26
7 50
9 47
14 41
17 54
6 39
26 29
17 38
55 58
