441
23 36
2 56
7 28
0 41
1 42
18 26
15 21
24 36
21 31
24 56
0 37
3 37
31 34
4 58
5 26
12 22
7 36
28 47
24 33
10 49
2 49
16 33
37 53
43 59
7 30
29 32
15 33
16 59
10 45
28 40
15 59
36 60
38 56
9 11
16 18
0 41
4 32
7 31
24 35
19 43
7 19
16 47
24 26
19 28
38 57
13 52
13 54
42 53
26 48
23 54
16 37
25 57
2 41
2 54
1 11
0 39
14 19
22 28
2 34
5 29
9 55
12 53
23 35
28 43
33 40
36 53
10 20
7 57
8 50
28 59
6 7
4 33
21 29
14 15
23 53
33 38
25 26
16 24
17 29
4 25
3 47
24 39
29 50
20 55
34 42
6 54
29 49
0 27
49 56
53 58
3 13
35 43
27 41
7 20
0 9
17 51
15 43
28 59
14 19
33 54
5 22
18 20
0 52
30 60
22 31
50 58
1 11
20 46
3 11
8 55
8 38
2 27
41 46
9 19
26 30
12 20
10 43
30 31
4 22
30 54
16 36
12 55
10 27
27 58
29 57
12 21
0 12
14 39
17 19
26 51
18 44
45 58
6 48
4 53
18 22
26 41
3 11
35 59
41 48
5 7
7 10
26 32
18 48
14 33
28 48
41 51
37 55
55 56
33 37
32 51
18 19
23 31
11 18
0 35
41 47
45 46
12 58
18 54
25 50
23 58
31 57
5 23
15 53
10 42
6 60
15 36
24 36
38 60
34 43
44 46
1 24
5 26
10 60
12 30
35 40
24 48
38 56
21 21
33 34
2 53
26 33
14 55
10 46
17 53
1 24
22 37
18 36
22 50
29 47
3 38
45 54
32 58
8 26
14 31
4 7
28 34
34 36
34 54
33 33
13 36
14 36
44 60
4 38
4 28
24 38
30 44
54 54
20 55
8 38
17 33
1 43
36 53
3 43
20 37
9 34
15 30
24 32
39 44
2 3
22 56
11 51
52 55
0 17
37 41
31 42
0 3
5 23
42 46
14 56
45 59
22 39
26 42
13 38
41 52
30 36
43 60
4 20
49 55
13 29
10 57
20 53
36 37
4 20
15 19
29 50
16 49
15 32
28 41
21 58
33 40
29 51
51 55
42 51
46 56
10 22
3 37
34 56
25 50
9 49
2 21
41 53
17 25
15 53
40 55
13 30
26 39
4 15
5 47
17 27
19 25
31 55
6 15
30 49
30 58
36 48
8 14
58 60
45 58
38 55
53 60
12 27
52 59
27 45
1 48
22 24
18 60
7 52
9 9
16 18
1 41
31 50
10 58
26 27
28 50
30 45
12 32
6 36
2 9
24 33
13 51
1 15
44 48
6 45
0 39
1 56
33 43
30 47
13 30
8 56
24 28
16 53
26 28
36 54
0 51
34 56
3 14
43 57
3 21
13 52
5 25
25 27
0 52
26 43
31 49
22 34
10 59
40 46
4 48
4 58
31 50
6 56
27 60
16 33
28 50
6 23
1 44
0 13
24 42
27 39
13 41
32 50
16 38
28 45
1 5
12 55
14 42
8 39
15 17
17 55
39 55
29 60
37 38
11 49
42 50
7 15
14 30
28 29
20 47
38 46
18 50
10 19
18 31
6 49
17 37
7 46
6 58
32 35
0 32
9 55
16 54
25 59
4 60
8 19
37 53
1 41
29 33
25 47
49 57
48 51
24 34
3 60
20 55
11 36
6 7
26 32
45 60
18 45
33 36
51 55
8 28
20 31
43 56
22 32
11 17
30 45
14 60
2 37
6 52
4 32
6 21
54 54
27 46
40 58
29 33
19 33
0 4
28 41
32 33
1 41
53 59
13 56
3 14
1 40
19 51
32 59
34 36
5 59
3 28
42 57
16 23
16 57
16 24
1 36
18 60
25 28
45 50
0 13
39 49
36 50
0 33
5 11
3 60
31 41
18 22
5 32
45 58
12 47
22 23
11 43
8 26
3 49
