2224
52 56
0 1
7 36
10 51
30 32
47 57
8 26
28 35
13 14
7 39
46 47
35 51
19 21
10 18
16 29
20 51
7 34
6 16
10 22
18 20
18 51
16 43
16 58
20 55
3 17
1 44
22 49
11 44
10 58
2 17
0 8
6 35
19 43
5 26
15 60
4 53
3 9
15 17
4 32
51 57
1 30
44 54
17 28
39 43
14 43
22 59
4 55
14 19
27 54
11 11
23 51
44 59
4 9
7 50
1 15
0 47
35 53
0 52
44 53
15 54
12 31
36 40
20 57
30 59
46 48
39 46
42 59
8 49
27 45
40 54
43 51
23 32
36 44
33 53
26 35
29 49
14 53
33 39
7 20
7 20
4 54
21 55
26 51
30 46
2 37
7 49
31 45
29 30
12 33
10 41
5 36
43 58
35 52
25 44
0 57
23 49
6 6
2 38
31 43
10 13
47 60
10 58
17 57
4 15
43 48
26 46
36 56
33 57
33 59
17 34
22 40
14 15
42 60
16 29
20 40
22 24
1 21
9 59
42 55
39 49
23 36
9 22
1 48
6 8
33 36
38 56
29 38
35 42
30 44
11 36
40 57
16 32
18 47
10 11
2 9
1 16
22 26
19 57
29 42
10 23
5 29
41 45
23 49
26 40
17 35
14 50
36 59
2 57
43 44
19 51
26 41
30 52
12 21
8 52
0 24
20 55
28 47
1 30
56 56
10 55
16 29
52 53
19 55
16 41
20 52
36 45
12 17
5 59
43 44
34 58
36 47
23 41
20 20
27 32
13 37
16 28
16 33
29 55
28 55
8 47
16 58
4 39
20 42
6 52
5 13
1 52
1 37
41 50
19 37
4 16
0 46
26 33
7 60
47 51
10 44
18 49
20 41
40 58
38 49
17 34
22 26
13 45
23 39
29 46
13 31
14 42
10 44
40 51
5 54
47 48
25 47
14 27
25 41
20 43
58 59
15 57
14 17
14 52
23 43
7 38
44 49
30 31
30 56
26 55
19 56
4 24
12 59
2 55
54 57
15 18
30 51
52 54
5 55
44 49
26 29
49 60
13 55
48 58
5 16
9 26
24 55
7 19
9 15
26 48
2 36
8 55
10 40
32 41
11 49
11 39
36 57
21 45
13 43
2 51
3 27
32 37
17 33
29 60
2 20
48 49
3 48
1 24
21 36
2 6
4 26
1 6
20 50
10 26
22 44
6 6
15 27
3 38
16 38
33 47
22 33
40 44
35 44
13 17
26 44
21 47
48 55
28 59
37 47
23 52
37 55
29 37
7 47
21 23
27 49
23 32
3 46
33 45
2 38
23 51
44 46
37 57
35 60
10 57
7 10
6 38
43 47
11 58
36 37
22 36
49 51
30 42
15 43
32 53
17 46
14 39
5 38
27 40
48 57
28 58
11 21
7 54
23 36
39 46
32 52
30 49
12 22
0 58
17 53
9 58
5 10
18 49
21 30
48 54
33 58
1 51
15 18
38 42
8 47
10 58
35 43
43 50
10 18
27 39
44 44
0 12
7 48
10 58
15 51
55 55
50 53
24 38
38 47
7 51
3 44
34 49
23 27
8 52
18 55
19 40
15 16
38 43
6 39
11 36
5 38
14 16
11 54
44 49
15 24
12 51
19 46
6 13
40 59
20 43
16 53
28 59
0 4
17 31
3 36
1 25
25 32
32 59
30 46
31 42
12 24
0 3
18 33
4 41
28 41
29 41
2 12
23 23
26 56
29 40
26 33
27 42
43 55
32 59
6 11
18 27
35 51
42 57
37 58
2 25
41 42
1 26
8 30
15 29
43 48
22 32
30 48
3 6
14 25
0 22
41 48
3 28
25 43
12 55
17 40
3 60
2 55
1 6
9 60
1 44
20 31
8 56
25 41
19 57
22 45
29 39
35 52
9 27
17 60
20 48
8 60
30 40
10 38
34 49
26 58
40 52
20 53
27 39
7 40
15 18
25 47
22 36
37 58
9 40
17 33
26 27
21 34
25 33
31 47
8 12
19 55
33 52
14 55
9 42
42 53
4 22
25 54
19 51
37 38
4 54
5 57
36 60
39 43
18 38
33 40
32 42
1 7
18 36
4 36
21 48
25 44
41 44
39 59
33 46
1 12
1 51
10 28
55 55
6 9
2 27
40 48
22 59
34 45
23 59
20 57
9 9
31 58
16 45
20 56
14 34
0 22
6 15
1 7
14 30
29 59
13 28
32 48
2 56
6 20
9 45
6 32
11 17
23 44
36 55
29 44
2 17
47 50
9 58
46 55
4 17
33 41
12 13
23 32
26 47
16 28
7 39
30 39
40 52
21 44
39 55
51 54
5 12
0 14
27 34
9 36
26 31
12 60
8 48
42 51
8 14
23 49
11 59
23 27
16 24
15 24
52 56
12 16
23 37
2 4
15 16
34 59
5 55
22 27
0 48
0 60
17 39
16 50
24 46
58 58
9 43
0 13
13 14
18 26
16 30
15 43
19 23
1 18
17 19
1 16
15 58
16 22
8 56
29 30
20 26
34 46
26 27
18 34
12 53
21 48
2 44
26 47
10 20
14 52
2 25
27 59
0 34
40 60
4 27
33 51
44 55
40 40
14 19
34 52
29 51
10 14
17 35
29 55
24 24
23 36
14 16
3 50
31 53
11 12
15 34
27 34
27 33
46 60
21 49
12 16
40 59
22 35
2 39
22 47
37 39
28 48
37 53
24 28
1 28
10 47
19 32
4 19
27 42
8 28
6 33
35 46
5 52
14 25
16 18
33 40
19 48
18 32
5 60
18 56
7 32
22 59
5 52
19 54
5 14
18 35
1 47
10 44
49 56
44 59
38 54
22 28
23 29
0 15
42 58
16 39
16 39
8 60
0 36
37 46
18 32
16 46
35 36
10 32
17 25
7 50
35 47
20 24
14 33
18 59
23 56
15 47
35 50
36 40
13 57
0 39
45 52
33 41
31 53
25 60
31 42
10 43
0 49
15 16
36 40
4 51
2 5
24 47
25 30
41 41
21 30
9 36
16 23
35 42
18 55
17 36
1 28
40 57
7 40
15 53
44 48
13 34
6 49
25 42
16 43
7 43
17 23
53 57
32 53
31 58
37 40
18 26
7 17
15 56
26 44
6 30
4 57
43 56
19 42
8 16
41 46
51 56
7 51
33 34
34 55
36 60
35 59
3 46
1 12
42 56
7 35
6 12
10 12
0 6
36 41
6 21
35 49
5 19
2 34
30 31
15 55
22 46
7 53
16 59
4 25
9 39
0 35
0 40
16 35
1 26
32 52
41 59
7 8
14 45
11 23
49 55
2 15
35 36
11 17
11 26
18 51
12 20
44 50
34 52
16 30
24 44
17 60
26 39
23 56
32 44
60 60
12 13
5 9
22 39
5 36
21 52
48 55
18 41
19 21
42 54
45 59
18 34
3 45
10 14
9 16
17 35
16 40
29 32
8 16
16 35
35 52
9 16
32 43
10 37
23 36
20 58
25 29
11 40
25 58
42 46
48 59
11 22
40 44
47 54
6 31
32 36
16 31
34 49
26 51
26 30
20 30
17 57
3 29
3 52
2 39
2 56
31 34
32 44
45 56
23 34
3 58
28 49
9 40
25 47
27 46
9 32
13 43
44 52
23 35
35 58
51 59
54 55
31 36
56 57
10 34
36 45
21 35
6 26
2 43
5 48
8 22
2 39
5 48
21 37
21 52
6 59
8 28
17 22
9 24
16 41
23 32
49 56
0 43
41 41
39 43
27 36
2 60
2 47
15 34
9 45
28 41
0 50
14 38
40 55
14 49
15 27
20 21
16 21
7 45
12 55
24 42
41 45
43 50
10 27
16 21
24 53
5 49
17 54
10 21
34 42
6 51
14 39
18 27
49 52
49 52
28 50
7 22
19 38
20 33
43 59
14 17
26 46
1 18
23 23
4 18
3 24
27 49
9 13
12 40
9 44
19 33
21 44
26 44
2 41
24 60
11 58
8 47
4 42
1 27
9 31
15 49
29 36
10 42
6 24
44 59
2 44
2 52
18 38
42 53
8 39
38 42
32 35
0 57
15 60
14 26
21 52
6 59
44 49
49 54
30 31
26 50
11 13
26 51
30 51
10 28
23 39
9 59
4 22
19 44
19 45
6 22
14 58
47 50
42 58
6 42
11 54
14 44
35 45
6 16
14 58
7 37
25 57
34 34
50 59
6 12
47 53
31 34
26 42
32 55
8 51
30 60
28 48
22 27
19 28
11 45
17 40
13 59
31 41
32 35
44 44
18 48
2 15
14 51
13 29
4 32
8 47
15 58
9 31
31 42
10 11
7 42
12 20
17 57
17 60
30 46
6 47
30 43
22 49
13 58
15 55
35 48
53 57
10 60
6 54
40 57
36 42
22 33
38 60
12 53
12 39
10 29
11 53
12 45
26 34
0 54
0 23
24 47
30 57
3 8
38 57
31 33
20 57
1 44
1 50
48 52
49 60
42 47
4 57
5 31
9 24
19 28
29 54
34 58
43 56
25 58
20 25
4 45
31 55
45 46
1 39
22 31
3 40
10 58
2 59
10 60
24 49
29 32
39 48
43 45
46 46
27 38
0 5
12 44
5 46
3 52
14 30
52 58
9 51
19 49
22 51
0 26
16 28
15 32
36 52
38 40
4 39
9 27
27 44
0 41
31 54
32 47
18 31
0 50
57 60
5 24
20 23
33 53
17 57
6 34
16 26
10 43
44 45
12 51
20 32
7 49
8 39
7 21
16 56
8 54
1 10
44 51
23 49
28 54
18 21
22 39
21 54
25 60
31 39
3 48
7 31
33 44
6 45
10 11
14 47
13 14
39 42
9 24
19 59
35 44
23 31
1 23
33 39
16 26
18 41
55 57
16 22
8 32
5 52
39 42
8 27
19 32
13 14
33 55
17 43
37 54
22 34
31 51
38 46
18 24
53 56
24 40
7 23
32 45
27 44
43 49
28 60
34 38
11 34
13 21
1 60
6 6
4 33
26 45
19 21
30 48
24 37
12 60
12 40
25 32
44 50
42 57
42 49
19 28
3 18
14 34
23 35
37 51
10 25
14 19
13 49
7 28
23 35
14 22
29 48
47 57
28 53
19 58
1 32
21 22
11 48
37 56
7 16
22 40
31 54
46 55
0 47
19 25
5 5
8 35
6 60
3 46
22 48
1 25
7 12
24 24
49 51
17 25
21 53
39 50
12 57
33 41
15 57
45 54
43 53
40 48
13 52
51 55
13 40
2 44
20 48
2 43
12 56
45 56
46 49
23 48
28 50
1 54
16 43
11 32
22 39
50 52
5 46
6 29
24 31
40 43
11 14
13 51
32 55
38 43
20 21
43 56
30 52
48 53
6 40
31 58
12 24
20 47
15 55
8 18
37 45
12 44
48 60
12 35
29 55
43 47
5 55
21 25
18 46
4 28
18 54
14 53
4 47
28 52
34 38
49 51
5 35
40 58
14 37
1 47
15 44
37 40
44 49
6 25
2 22
3 23
0 20
28 53
21 60
27 34
26 45
17 39
56 57
16 16
45 56
34 41
19 22
17 20
28 59
6 21
2 52
31 55
18 23
4 24
6 55
10 30
25 46
51 59
12 35
11 25
43 57
14 20
23 33
17 49
55 60
10 50
50 56
55 58
21 27
15 31
39 48
40 41
39 49
22 32
18 35
10 31
34 44
0 20
1 27
12 21
22 30
19 53
32 58
15 31
0 5
25 54
48 58
14 38
41 45
24 54
3 24
10 15
1 31
52 55
19 47
38 41
0 40
20 31
7 22
10 15
32 37
45 55
27 46
4 51
34 56
17 50
12 28
14 22
19 44
3 10
0 50
36 53
0 27
24 53
4 43
25 40
25 33
29 59
30 44
42 44
3 13
12 24
52 55
3 42
1 33
23 30
20 59
37 55
28 35
11 35
1 42
9 16
30 36
13 46
4 16
9 20
27 60
47 50
31 59
10 53
0 20
22 40
19 40
8 38
3 29
46 59
41 49
25 40
14 38
14 29
0 25
51 52
22 59
48 48
22 37
1 49
3 41
30 56
10 28
33 50
11 22
0 14
2 5
29 59
7 47
48 57
17 37
5 55
28 38
9 37
5 12
5 7
45 57
20 56
1 49
13 50
15 16
23 49
26 29
27 31
47 60
5 12
16 30
35 49
25 32
5 52
44 54
14 60
36 41
1 48
20 39
33 49
2 49
25 59
29 31
15 41
20 28
31 36
25 57
0 26
37 56
47 60
12 27
0 39
2 17
2 34
14 39
24 53
32 36
22 35
1 17
10 45
12 46
34 45
14 36
42 54
14 53
9 25
55 56
5 58
20 24
10 52
20 21
33 44
42 46
30 42
22 43
35 51
21 56
8 14
4 24
35 57
33 57
7 30
42 57
0 50
32 47
33 38
28 42
3 4
0 39
19 34
40 52
9 57
9 58
8 59
0 47
21 50
3 43
4 55
15 45
17 28
15 49
1 35
24 54
10 53
37 42
1 10
54 58
13 16
8 18
36 41
42 54
7 14
28 53
40 58
29 49
0 12
5 59
30 35
9 28
2 18
17 55
11 59
2 6
0 37
38 48
21 25
19 39
20 33
19 53
13 51
16 34
2 26
28 30
37 51
30 31
40 47
34 49
39 48
30 39
41 52
38 55
17 47
11 40
8 23
6 16
8 43
20 46
9 32
5 45
32 38
34 57
4 46
53 58
0 50
26 35
22 42
39 44
14 36
55 60
16 24
1 2
32 33
7 10
20 52
35 53
7 41
22 55
9 24
3 31
11 25
3 43
25 49
22 46
42 42
20 36
3 27
8 36
49 52
0 17
48 53
1 8
43 43
2 46
13 28
42 55
25 40
11 16
37 50
11 15
5 24
26 45
2 47
8 50
29 54
16 43
43 58
0 53
31 33
26 47
33 57
0 38
28 41
0 14
53 55
23 57
7 10
44 47
39 60
45 52
24 37
35 48
5 47
35 52
28 35
10 53
52 53
27 47
0 60
7 45
20 32
14 38
31 41
4 60
26 44
13 54
8 38
39 48
39 52
2 48
12 30
2 25
8 12
47 48
15 23
3 54
38 45
19 49
14 16
13 60
32 34
33 56
21 22
26 47
28 49
19 42
19 52
20 58
10 23
4 32
4 57
22 55
46 51
46 56
11 58
19 44
10 35
17 43
25 60
10 31
27 49
7 25
32 47
36 54
34 55
1 26
34 58
25 57
30 31
32 39
40 52
10 14
9 49
32 55
13 54
25 34
36 44
19 24
12 19
21 39
10 53
17 26
9 52
3 13
12 14
41 59
32 33
43 58
3 27
14 34
27 50
23 24
14 39
36 53
16 43
22 55
23 29
1 23
23 57
37 46
0 11
13 43
26 34
35 57
1 10
0 31
11 42
11 11
29 51
33 43
29 58
21 56
21 22
25 36
12 38
0 6
17 32
17 32
25 33
34 45
15 28
6 7
6 33
10 45
25 43
14 32
44 57
14 45
8 9
32 37
3 21
5 57
11 32
7 35
9 44
53 56
13 48
48 58
34 34
29 30
28 53
6 43
0 31
42 48
55 57
8 14
20 44
22 41
31 56
47 56
9 59
1 40
31 53
19 21
4 45
4 55
28 54
10 55
6 40
38 49
18 32
47 48
6 37
38 46
10 23
2 23
0 57
32 51
15 28
8 50
10 40
29 50
14 36
15 54
26 59
3 21
28 33
23 26
15 24
31 46
2 15
30 60
7 36
12 25
40 52
17 36
38 57
6 50
12 25
2 13
33 47
33 36
38 49
5 15
42 57
22 50
1 56
5 58
44 51
36 57
25 32
29 33
23 47
0 47
15 57
14 52
0 29
0 7
28 43
29 37
18 55
1 36
16 39
16 24
5 56
40 44
29 33
22 47
6 15
38 46
9 18
7 12
1 38
13 50
27 41
3 6
4 39
6 19
13 28
39 60
20 34
1 18
1 12
4 59
4 53
11 24
22 24
51 51
39 48
10 43
13 51
35 40
20 45
14 42
40 53
23 40
16 51
22 24
8 39
6 21
50 60
21 54
29 53
24 24
20 27
21 50
56 59
44 45
32 46
23 53
10 28
32 45
37 58
28 53
0 51
18 49
11 29
9 49
5 8
1 35
10 45
6 38
36 44
7 33
21 59
31 44
7 11
2 7
19 58
46 58
35 45
27 45
29 30
4 42
40 57
11 30
16 16
27 57
10 21
3 25
39 55
3 7
5 51
15 60
10 54
3 31
6 13
9 13
44 58
44 59
7 37
3 40
24 38
23 57
11 13
14 58
42 46
40 57
45 57
11 44
54 57
3 14
6 38
20 31
28 34
33 50
21 31
2 16
10 47
14 57
2 2
16 45
8 48
21 55
14 41
42 59
11 25
9 51
31 47
17 56
52 54
39 40
14 55
4 48
18 39
25 30
1 42
6 45
18 19
42 60
5 21
16 29
18 57
44 53
17 48
33 53
13 41
28 51
0 43
5 38
6 21
12 46
49 59
31 32
34 50
47 56
11 55
26 44
25 30
47 49
2 38
15 22
3 7
9 54
18 60
18 41
17 57
44 45
30 43
17 34
31 56
6 52
10 35
43 48
29 60
49 51
29 48
36 60
29 32
2 34
33 59
18 49
20 43
1 39
22 32
4 32
24 36
3 26
11 30
29 43
1 2
35 57
26 31
4 10
14 60
20 33
32 52
1 50
1 18
17 59
41 56
28 53
16 31
44 49
8 9
48 48
18 49
25 42
28 54
49 50
7 53
9 29
39 58
47 54
13 47
45 50
11 50
22 32
3 35
0 18
26 33
30 31
37 57
33 42
8 24
1 59
1 27
22 43
38 43
27 36
1 22
13 59
12 25
1 35
31 60
30 44
15 40
2 26
30 47
7 23
28 45
40 52
30 53
19 31
3 41
20 54
4 51
15 41
55 57
33 59
28 57
17 46
40 60
18 55
15 46
9 36
2 51
13 32
3 41
8 25
2 24
21 28
31 35
51 55
9 11
35 39
26 53
26 43
0 25
10 36
16 23
10 56
37 42
56 58
43 58
6 55
45 48
4 38
29 51
20 55
17 18
16 38
0 53
41 53
13 55
46 55
24 41
7 58
9 30
3 55
14 49
6 47
7 53
30 48
22 56
9 43
24 38
2 50
5 36
15 28
46 48
10 44
24 32
11 51
12 60
16 36
3 35
6 18
0 37
16 25
13 18
39 48
12 24
8 59
7 50
8 33
20 43
34 60
12 13
20 26
32 57
40 43
23 52
20 48
2 47
11 37
30 53
25 50
35 54
26 49
27 50
5 7
40 59
13 25
1 20
40 49
27 55
30 51
48 53
41 42
26 47
24 29
2 21
18 40
13 39
1 27
12 31
0 17
32 49
21 40
43 60
6 56
23 36
22 23
36 44
43 58
8 44
5 22
52 55
1 25
7 29
47 55
18 21
16 25
1 19
26 59
12 32
16 41
20 48
43 47
20 43
39 57
5 56
4 31
16 27
3 56
6 26
11 57
50 51
0 35
37 57
10 53
23 58
19 43
3 12
11 15
18 29
34 37
6 6
25 36
12 38
45 51
18 43
36 42
34 57
24 56
9 48
3 42
32 60
21 45
0 54
28 42
5 52
8 24
23 48
14 38
1 36
14 38
24 57
15 28
9 35
27 36
10 17
53 56
10 43
3 47
1 20
29 52
0 11
5 35
21 52
31 47
24 43
8 43
37 40
17 57
10 29
8 29
20 26
25 33
0 57
26 32
20 51
7 17
13 34
0 54
10 31
33 45
14 27
35 49
55 58
12 16
3 4
9 36
7 31
2 60
53 57
4 55
20 30
11 58
32 36
27 40
18 55
29 30
23 32
13 29
5 30
25 28
0 53
8 32
8 40
11 30
11 18
7 49
30 57
9 46
26 31
25 33
36 42
10 16
29 49
2 16
52 57
2 43
56 60
0 46
35 57
33 60
6 14
0 20
18 49
3 51
23 48
