340
28 56
39 41
9 60
5 57
12 48
22 35
0 29
8 21
18 46
27 29
34 48
6 52
30 30
45 46
22 27
18 29
17 55
29 35
27 60
19 26
11 56
23 58
10 39
15 54
13 29
12 55
9 48
27 30
39 56
4 27
28 52
28 40
17 45
5 57
38 48
49 57
3 46
30 46
9 46
45 56
9 11
4 31
6 39
46 58
22 46
7 32
34 38
11 32
9 51
17 52
45 56
23 49
25 47
32 37
8 42
17 34
41 43
30 42
6 21
19 21
11 39
33 51
8 54
10 40
13 39
19 31
58 59
3 20
40 54
29 37
4 44
47 50
11 16
0 40
6 42
21 29
25 40
22 46
50 55
39 52
18 56
27 55
32 49
6 32
36 48
9 25
25 29
0 2
33 49
31 49
40 50
8 39
24 32
2 24
10 14
36 48
36 45
5 44
16 42
0 29
6 37
3 27
8 17
15 50
50 60
24 56
54 60
24 34
5 29
33 47
27 38
46 57
37 44
14 50
2 18
53 59
18 21
29 57
24 25
1 25
35 46
39 56
17 55
33 58
35 43
5 25
30 36
1 5
34 35
44 58
11 23
39 46
4 54
5 23
25 33
32 51
28 49
24 45
33 57
33 50
29 50
24 43
3 16
0 22
28 59
11 44
49 57
50 54
10 48
1 30
6 29
43 53
23 45
2 44
16 60
15 58
31 32
24 39
49 50
11 56
4 42
24 40
37 56
11 40
16 19
16 16
14 14
21 26
17 24
0 3
21 56
1 18
0 43
4 11
14 60
29 57
6 34
29 45
52 55
57 59
32 35
33 37
2 12
3 5
28 37
4 18
17 41
23 43
13 32
4 34
18 45
25 42
7 10
31 54
11 42
15 37
48 55
14 46
8 20
33 35
22 44
4 51
18 60
14 37
37 45
44 50
50 51
14 40
5 19
42 53
10 27
41 56
0 51
8 46
5 29
22 39
8 42
1 51
5 19
19 32
10 48
9 31
39 58
8 45
4 18
1 28
8 22
38 40
40 56
2 19
53 59
2 6
18 46
12 39
29 40
34 41
26 53
17 19
5 50
0 27
10 29
19 43
21 21
0 21
18 33
14 22
4 47
17 49
30 58
29 44
16 42
8 42
15 40
2 20
19 58
10 48
31 40
2 27
5 34
5 36
7 26
55 58
24 53
12 39
16 43
4 35
24 36
9 12
8 39
44 60
45 50
47 58
10 13
4 20
0 32
38 41
8 54
29 59
33 39
24 49
32 45
24 26
16 44
47 51
17 40
10 56
17 33
18 49
30 44
21 59
12 35
58 59
31 44
23 48
1 38
24 44
14 15
19 49
3 40
45 46
1 41
32 45
26 50
25 27
36 39
6 21
3 24
21 58
24 41
56 60
5 26
8 48
6 24
36 53
11 32
35 48
13 30
7 31
12 41
20 25
11 25
31 50
18 19
14 28
15 37
17 41
2 48
4 30
20 41
16 25
13 19
33 34
12 43
11 55
12 54
17 18
15 44
40 47
21 32
13 34
