1840
10 48
36 40
8 15
23 56
23 53
8 18
37 54
45 46
12 14
20 26
17 39
24 53
13 59
5 20
33 45
14 43
23 40
34 35
13 34
2 10
25 38
28 31
8 11
29 58
15 19
9 31
27 29
18 45
2 13
2 21
29 46
24 35
56 60
1 17
16 32
31 36
6 14
23 47
18 46
13 25
13 17
49 54
19 56
32 38
6 48
9 53
15 59
17 56
20 47
11 47
2 43
1 28
50 58
18 20
46 56
15 59
21 56
5 20
47 58
26 56
3 39
24 33
47 55
14 14
24 39
20 34
18 37
0 27
36 41
52 54
54 57
23 60
36 45
49 56
43 48
33 57
20 24
18 41
20 24
23 57
3 49
39 56
34 55
21 43
31 43
20 57
27 39
2 33
41 46
30 34
32 47
19 34
18 23
34 53
36 42
8 60
26 59
2 7
12 56
2 2
20 41
46 59
0 30
2 15
5 59
14 16
23 58
3 30
43 44
16 50
11 12
41 50
35 46
23 36
48 57
6 38
5 18
32 50
0 48
15 20
15 29
6 53
16 52
39 41
28 37
51 58
8 38
8 22
41 49
12 36
10 16
31 52
6 24
26 54
3 45
2 45
32 36
11 54
51 60
24 59
34 39
31 42
11 42
32 58
12 49
0 44
26 50
32 34
23 59
13 53
17 24
12 50
10 33
2 48
46 53
2 39
21 36
46 53
8 50
8 32
23 34
17 33
15 38
3 22
27 31
0 6
0 1
24 58
28 57
29 30
7 23
0 59
15 52
17 25
25 48
0 52
8 49
24 53
19 23
1 46
10 15
1 50
1 43
30 58
21 27
32 56
16 49
24 31
25 51
28 39
17 50
25 27
36 43
3 37
7 16
8 19
22 57
23 27
34 47
1 24
4 48
11 59
23 43
2 23
28 50
56 57
5 25
11 45
12 25
39 58
24 51
17 20
24 26
27 32
22 39
4 27
22 37
6 25
15 32
7 46
4 34
17 37
4 50
2 4
34 60
29 49
1 59
1 51
11 50
34 50
19 37
26 50
27 28
3 40
4 19
7 58
22 31
17 53
24 60
4 11
13 28
27 39
30 31
22 33
10 50
0 26
6 49
14 53
3 3
34 38
38 41
23 58
20 29
37 41
35 42
16 47
5 46
16 19
32 37
14 42
20 25
51 57
18 57
14 34
9 48
18 24
30 52
1 15
15 42
12 39
37 49
4 29
20 44
26 53
27 56
26 34
36 42
11 56
49 56
2 5
29 34
17 22
5 15
15 20
33 53
42 51
22 52
6 44
2 56
9 21
12 23
34 37
37 43
19 50
21 32
12 15
26 45
48 54
3 37
7 40
24 26
24 42
3 53
10 37
28 34
48 55
0 43
29 48
18 47
19 48
20 27
7 42
24 29
2 45
19 43
1 44
3 33
8 19
1 28
24 26
24 28
12 20
29 46
31 52
32 55
13 17
34 39
38 48
11 33
29 35
27 38
3 25
25 39
52 58
20 36
31 35
6 38
24 25
43 45
47 54
17 35
52 55
11 16
34 54
51 51
17 18
48 55
21 49
10 51
21 29
36 55
8 50
36 48
38 46
5 34
17 39
6 46
1 11
25 43
55 60
10 53
29 50
30 41
27 55
14 30
34 47
6 51
44 47
45 51
6 53
6 33
24 28
22 36
16 59
23 26
5 27
6 10
5 41
20 28
51 53
18 53
4 34
23 36
12 29
6 50
24 48
2 13
29 34
10 25
9 52
8 25
10 36
34 48
12 13
32 43
23 60
50 54
37 41
3 16
55 59
31 31
28 49
22 33
2 14
32 51
11 35
18 29
8 22
35 41
42 58
27 43
42 60
2 28
16 18
31 49
20 55
24 58
6 24
15 34
22 45
6 20
33 58
13 20
10 15
2 43
23 53
10 46
5 23
16 41
10 40
9 24
34 35
4 33
8 43
26 52
47 53
0 32
53 60
34 35
17 18
15 28
42 51
10 35
16 43
32 53
3 21
9 9
20 25
11 36
16 36
24 29
3 12
6 57
42 58
0 17
17 35
32 54
3 26
10 55
3 59
15 57
42 56
12 60
9 48
19 48
1 44
12 47
8 57
8 26
36 48
30 42
15 33
15 51
9 20
37 54
2 41
35 49
44 49
3 18
37 42
26 44
22 34
24 31
18 41
10 49
0 29
11 45
21 56
28 46
13 18
12 52
6 44
54 54
5 5
4 45
36 60
1 33
34 54
19 29
13 27
9 22
36 38
6 16
12 25
33 53
11 42
35 42
42 56
29 44
43 55
0 50
0 29
23 43
3 54
6 57
3 53
32 52
40 59
19 42
11 32
12 38
4 36
10 14
0 2
24 36
14 47
0 1
2 44
8 35
46 58
30 35
1 50
14 55
9 60
4 54
5 10
12 18
5 48
6 36
33 55
2 15
39 52
51 59
13 42
1 9
2 51
28 50
0 2
35 59
17 44
20 25
32 48
13 28
26 41
16 37
26 39
21 37
12 35
21 54
30 42
8 60
44 47
2 17
18 50
26 33
18 21
47 52
13 16
22 24
4 52
30 41
0 50
11 48
2 53
8 34
5 57
9 56
7 26
33 43
10 56
43 46
29 55
5 21
42 48
15 32
29 44
7 32
6 29
44 52
21 31
51 59
5 43
28 30
37 57
36 55
19 44
5 23
38 44
6 7
3 22
35 48
3 18
27 30
29 41
34 42
20 52
11 52
8 23
13 47
3 33
43 52
56 57
4 15
28 38
2 11
38 44
34 53
13 59
44 45
14 42
8 10
5 40
42 54
14 35
17 39
3 47
23 43
0 16
12 56
19 38
20 60
17 31
37 56
15 35
48 57
24 49
4 44
7 60
1 42
7 51
20 43
5 14
19 44
17 50
25 42
9 57
4 12
27 43
3 46
11 54
29 39
17 39
45 58
0 46
26 37
3 20
8 59
2 59
22 22
9 40
39 60
39 40
11 57
38 44
25 35
23 28
1 54
4 8
13 42
1 45
12 29
4 34
3 41
19 42
40 53
15 27
41 58
8 60
21 39
13 46
13 56
2 32
12 41
26 47
29 35
39 54
5 28
34 41
3 8
13 31
19 44
3 27
11 37
9 54
2 30
3 47
5 21
44 47
3 29
4 55
5 58
28 34
5 33
22 31
18 41
0 48
15 35
16 48
28 37
9 29
17 45
5 28
12 20
26 27
16 21
7 53
38 55
57 59
31 36
33 60
30 52
15 34
23 24
10 30
8 16
4 27
58 60
5 23
16 25
26 42
50 59
6 33
0 37
23 49
7 23
16 59
18 27
27 41
17 59
52 60
3 40
5 32
16 16
0 48
3 56
27 38
41 42
15 46
8 16
25 35
30 45
9 50
20 60
16 19
30 46
8 32
50 51
49 57
10 43
17 39
1 15
16 48
15 31
7 18
15 34
8 59
49 60
29 59
47 52
23 31
9 22
12 33
33 51
15 53
29 56
24 34
12 19
11 54
12 43
9 13
40 44
30 53
26 56
10 28
50 59
28 56
5 6
38 40
39 53
18 25
32 53
4 30
0 36
30 50
4 53
41 49
10 36
0 58
15 28
12 26
25 35
25 49
13 47
23 38
14 43
58 59
23 59
22 42
3 45
8 60
4 25
46 47
10 44
38 45
2 21
10 19
46 57
3 25
1 57
32 44
46 60
41 41
59 60
13 54
16 56
16 48
11 40
6 12
1 21
22 50
6 12
33 58
26 59
8 24
19 53
6 57
21 59
31 52
10 48
34 60
20 36
24 43
41 60
0 47
9 37
8 38
14 55
3 51
6 31
17 38
28 29
39 40
6 55
29 51
2 40
24 34
48 55
11 16
5 45
12 13
17 35
39 55
20 53
27 38
44 50
0 52
25 28
11 55
44 50
34 35
28 58
21 60
1 22
6 54
0 32
5 60
26 55
9 21
25 38
42 59
2 40
5 44
3 26
16 25
20 46
13 46
10 46
25 49
16 27
0 20
25 57
15 32
17 48
15 16
17 56
51 60
9 37
23 50
31 40
23 44
30 33
36 54
2 2
30 41
13 37
21 28
15 59
36 56
23 32
25 40
25 58
40 40
15 56
49 56
7 12
23 29
40 41
3 45
25 36
36 58
5 54
9 33
5 45
23 37
26 53
18 20
2 43
45 51
14 28
2 36
17 54
29 32
22 52
24 39
6 45
5 12
9 26
18 53
42 44
43 53
14 51
28 45
0 48
51 55
3 26
19 25
22 44
15 17
13 21
25 39
11 16
10 59
30 59
24 38
8 54
3 13
0 59
11 52
1 29
5 18
6 47
38 55
2 12
10 53
8 20
7 37
11 50
34 57
1 7
36 60
20 33
13 55
13 47
8 40
26 33
8 35
21 26
31 59
17 60
5 43
2 53
2 10
2 34
15 29
1 8
2 25
6 31
36 36
33 33
12 42
57 58
5 31
4 48
10 21
30 50
23 26
35 40
9 30
36 53
36 41
17 57
10 38
14 35
30 48
20 48
41 48
42 52
3 17
9 18
29 52
15 30
53 57
21 32
20 28
24 28
30 32
28 51
38 54
41 50
50 55
14 46
16 48
8 39
8 48
42 57
16 32
0 27
11 23
27 47
30 43
19 38
22 45
33 57
43 50
34 35
4 34
23 39
5 49
1 24
0 35
14 41
8 13
23 28
33 42
19 36
40 42
0 53
31 43
23 52
28 41
27 54
10 50
44 45
31 55
30 49
8 40
3 3
18 44
19 33
12 36
15 23
16 54
18 59
8 58
18 50
4 56
1 14
41 58
16 29
23 39
16 35
8 50
5 7
30 45
21 42
22 52
57 57
12 42
27 58
52 57
13 18
44 59
21 33
2 56
2 51
41 55
47 59
40 50
3 22
32 35
31 45
17 38
8 25
20 45
15 27
26 34
42 45
3 7
22 53
19 44
18 38
6 44
1 50
12 16
52 59
6 41
1 17
56 60
5 35
37 52
15 36
6 50
20 43
33 49
52 53
24 37
17 30
29 47
21 35
20 40
2 8
23 28
50 55
40 59
22 57
11 51
21 21
8 32
9 20
34 55
23 40
13 22
44 48
26 50
29 45
11 20
18 37
33 39
16 26
23 29
35 48
58 59
15 58
31 60
3 11
26 57
9 57
54 54
30 30
32 37
5 11
20 37
33 54
2 23
10 52
4 35
23 47
2 16
12 48
51 56
10 17
21 23
38 57
37 41
27 41
7 56
18 36
16 29
14 44
40 52
43 44
25 42
17 34
25 46
5 54
22 55
4 32
40 45
14 60
6 50
31 59
3 42
10 17
38 55
23 53
0 37
13 44
40 45
17 18
37 40
31 49
31 46
1 58
37 40
9 59
12 53
7 24
0 23
33 40
29 47
35 51
39 51
24 39
9 39
52 60
26 37
6 32
12 46
2 56
24 45
17 53
29 47
18 29
20 47
28 60
44 52
20 31
16 48
22 24
15 41
27 35
16 41
40 40
1 55
16 20
14 53
25 49
33 48
5 18
3 36
33 42
4 54
10 10
19 23
6 54
36 38
6 48
20 26
44 57
9 36
25 49
6 18
28 36
5 55
8 12
25 50
0 32
13 49
11 43
32 33
16 42
20 39
12 53
9 55
25 35
13 37
14 15
8 56
3 54
22 30
13 25
56 60
35 60
45 48
38 43
24 27
46 60
23 26
27 46
36 49
20 31
51 58
0 3
5 51
12 16
28 31
20 32
40 41
2 20
22 40
34 51
27 57
30 55
21 43
11 47
7 59
12 51
25 40
32 59
3 25
45 49
49 58
10 19
18 53
26 60
24 30
17 35
19 38
7 27
4 60
29 47
2 41
11 24
45 53
16 52
28 51
29 47
10 54
19 32
30 33
30 41
39 60
2 52
36 37
2 59
52 60
26 38
16 54
7 42
14 31
41 42
10 60
14 29
28 35
4 29
11 14
16 53
16 50
7 27
23 27
3 21
8 11
11 12
36 50
42 43
3 33
25 47
27 55
28 53
9 59
11 14
42 45
46 52
3 32
2 34
47 50
57 60
38 57
38 49
51 57
42 54
10 35
30 46
14 45
25 56
22 36
2 41
7 8
4 13
25 46
54 58
29 51
22 48
12 24
0 21
44 56
12 21
46 58
39 55
9 40
39 51
33 37
26 39
50 52
46 60
15 50
29 55
1 4
8 40
1 14
3 31
38 59
4 7
12 52
11 19
1 20
47 54
5 54
20 53
52 59
14 57
23 55
35 55
53 55
4 51
1 4
37 38
28 37
18 56
23 31
21 46
19 27
4 17
34 37
25 55
16 51
19 58
58 58
21 37
20 60
27 41
49 52
40 59
3 44
42 54
3 8
7 45
3 59
2 28
43 52
30 52
24 42
13 54
9 15
0 35
5 8
10 48
26 60
15 57
10 52
16 47
49 58
56 60
0 53
41 48
29 46
34 37
39 42
12 20
44 52
4 8
7 46
12 53
2 22
10 14
15 31
39 41
2 33
7 25
12 49
32 48
40 49
30 40
6 22
19 20
7 55
9 16
16 20
1 35
22 42
48 57
36 41
1 56
13 28
23 54
40 60
17 55
49 54
42 51
36 40
41 58
9 41
32 33
8 36
34 55
30 40
22 29
39 48
19 32
16 51
37 58
16 55
15 27
15 45
34 39
50 57
3 29
36 53
35 39
14 37
17 26
8 33
12 49
8 31
31 48
14 33
4 48
6 60
13 36
46 48
32 35
3 60
11 19
14 39
36 44
26 35
37 44
18 50
30 39
0 40
34 43
31 45
15 42
1 24
18 35
37 51
49 55
38 58
21 56
29 37
25 54
15 57
16 51
1 54
19 45
3 28
15 40
3 16
6 30
30 39
18 47
3 21
35 39
15 58
35 45
16 43
13 42
19 22
24 54
16 44
36 50
48 51
22 33
20 54
3 44
23 46
28 29
44 52
5 22
21 45
40 47
24 58
54 57
0 27
45 56
4 27
30 44
49 58
30 37
8 33
46 57
3 30
18 59
1 43
0 22
7 45
23 39
55 58
5 27
13 59
27 54
27 51
8 44
31 38
12 58
16 34
15 53
9 22
30 43
31 46
29 55
13 17
32 42
26 58
5 39
18 50
16 31
26 47
11 56
32 40
7 58
14 52
28 41
26 36
3 26
27 44
33 60
4 13
20 43
43 56
1 30
30 37
20 40
24 51
37 39
28 43
24 57
14 27
30 43
0 54
48 54
11 13
2 34
14 30
0 32
16 25
32 51
8 36
44 51
29 49
18 40
45 49
5 16
12 24
1 12
24 29
3 23
19 24
31 48
9 30
14 54
38 45
11 15
33 57
24 45
24 44
10 32
34 52
9 12
1 8
0 41
17 30
2 25
30 50
27 32
23 51
14 51
24 26
19 33
26 60
38 40
30 34
50 53
5 43
21 22
1 35
41 51
17 28
0 44
16 26
13 18
16 35
20 38
18 54
0 58
43 47
3 31
9 22
22 59
13 35
21 36
16 55
47 56
31 43
5 18
19 52
8 20
6 18
30 60
12 41
22 44
39 58
32 49
7 40
22 36
23 29
26 55
25 60
2 41
6 55
4 41
33 60
25 56
37 57
2 49
1 12
9 29
19 56
46 47
15 34
29 49
12 28
11 27
40 52
19 59
38 60
40 55
7 14
43 48
4 58
16 56
4 47
16 22
20 41
36 51
22 24
10 35
0 18
36 59
8 26
11 12
27 48
14 42
19 39
0 34
55 55
11 24
2 3
12 25
14 29
5 54
10 56
12 37
24 31
21 21
0 34
22 35
11 53
24 35
9 36
2 39
16 21
3 26
27 58
2 56
37 58
0 14
51 59
12 15
13 23
53 55
37 53
11 47
18 32
41 42
14 32
32 43
26 56
21 46
4 37
0 21
18 23
3 46
3 41
16 60
9 49
9 25
11 48
1 7
30 52
32 55
38 54
29 45
32 52
31 39
14 57
29 35
10 32
32 35
8 23
36 56
10 10
3 53
8 53
18 50
1 46
3 7
1 44
10 22
0 40
24 40
11 12
45 59
24 27
12 44
47 51
6 54
0 15
34 57
25 60
6 20
11 22
5 59
19 51
11 22
35 52
33 37
20 52
10 59
33 51
29 48
2 29
1 28
8 42
10 57
19 59
14 50
46 52
25 30
27 54
7 27
24 39
22 45
13 42
17 47
14 56
12 42
33 57
23 31
35 40
15 43
30 35
36 56
28 47
2 3
32 56
4 6
45 53
14 26
11 36
