2160
51 52
17 31
9 39
14 22
7 8
21 52
28 50
48 58
15 42
10 12
21 28
20 47
36 43
9 35
14 53
17 55
38 47
18 33
25 30
15 33
10 12
26 26
31 50
3 46
46 49
26 39
28 32
5 39
2 20
26 30
12 15
10 35
2 50
30 46
12 35
1 47
25 31
12 30
18 55
19 55
27 45
19 60
34 58
12 36
23 31
31 51
24 40
9 44
36 37
18 37
13 57
20 40
6 59
43 53
18 36
6 16
31 49
17 52
19 44
50 60
18 57
32 43
47 54
26 46
8 41
37 52
33 42
33 51
32 50
4 52
43 58
9 59
26 50
1 5
48 60
0 20
1 26
11 26
39 53
8 51
11 60
11 26
22 28
1 1
4 21
28 29
21 23
46 58
32 44
34 35
26 46
24 49
17 50
9 58
23 37
1 29
21 44
24 60
55 59
21 27
30 47
21 36
29 51
0 41
45 53
4 15
27 38
16 29
28 50
26 54
36 42
31 59
1 40
6 41
0 55
24 45
26 58
19 60
32 45
32 41
31 40
3 50
11 39
55 60
16 40
0 37
11 43
32 54
6 29
53 58
2 53
57 60
38 45
29 58
13 42
14 45
37 60
48 58
18 44
40 60
25 38
14 51
44 51
34 53
18 58
8 49
43 46
32 37
47 49
16 43
0 37
8 20
35 41
27 43
18 23
31 57
40 52
27 36
17 42
27 47
36 52
14 31
24 51
21 34
20 52
8 51
5 22
14 20
41 54
12 29
10 11
29 46
19 24
26 44
3 6
5 44
0 55
0 39
31 35
15 30
27 36
16 24
10 60
11 31
13 48
48 53
35 43
4 57
17 32
11 34
32 38
13 32
15 16
23 47
18 26
21 22
7 50
24 55
9 57
11 23
16 50
19 33
10 24
44 55
19 47
18 56
14 45
43 51
28 52
52 53
15 39
11 26
7 14
40 47
34 41
39 48
11 47
1 42
13 24
36 52
10 46
46 53
27 37
7 43
19 43
9 13
6 58
12 34
41 54
9 31
36 48
23 29
2 3
46 49
3 21
33 46
9 40
14 60
29 42
11 44
9 45
3 6
15 48
18 30
5 23
39 60
1 36
15 48
28 60
22 60
18 29
22 23
24 38
16 43
28 53
9 20
24 43
1 22
40 44
34 36
42 47
57 60
21 46
21 28
1 14
34 37
6 28
8 19
35 44
10 53
28 49
15 31
13 41
18 22
15 45
4 42
38 51
22 24
23 58
3 38
46 47
4 7
34 37
17 36
2 26
20 40
7 13
11 29
15 48
0 5
15 18
5 35
16 51
36 37
45 53
38 60
27 59
31 32
31 36
22 56
30 55
1 51
10 58
15 24
8 54
35 59
20 24
20 47
8 58
33 35
23 31
29 30
33 40
26 52
18 31
16 29
38 58
29 56
40 41
28 44
35 36
42 52
24 45
26 52
48 51
6 16
1 14
13 46
18 24
16 40
54 55
25 32
8 54
14 48
43 56
0 8
8 11
6 55
35 60
43 47
29 51
6 32
25 31
5 41
27 52
9 23
0 58
14 30
31 36
13 50
44 48
17 25
45 50
0 32
8 14
6 46
0 22
6 51
29 54
54 58
34 56
48 52
17 28
13 53
1 19
22 37
42 57
9 45
3 48
22 57
4 49
34 57
24 39
29 48
2 3
17 22
3 34
7 47
21 34
23 47
13 54
6 7
40 56
22 39
34 58
20 38
31 44
5 38
0 43
16 49
10 29
20 45
19 37
36 43
3 39
36 52
5 30
14 49
34 49
16 30
9 38
23 50
15 34
9 35
10 54
45 58
5 45
44 55
1 31
29 37
11 31
4 44
30 33
8 58
13 30
28 50
42 57
2 41
30 43
5 41
39 46
8 17
4 34
14 49
17 19
2 29
22 32
27 44
10 44
37 44
4 24
6 20
35 60
22 58
44 47
11 36
12 36
7 28
29 47
1 19
5 18
40 56
5 54
34 37
0 33
26 29
43 50
20 23
15 20
3 9
16 47
59 59
32 58
20 54
16 18
10 46
1 43
13 40
12 24
0 45
37 38
50 54
24 55
14 34
7 8
17 38
2 11
31 38
3 33
42 57
6 21
8 30
2 31
16 56
18 18
3 46
42 48
22 56
39 49
0 19
26 33
12 29
36 47
23 36
4 15
4 4
16 23
43 48
13 40
52 57
49 58
0 37
36 40
22 55
5 32
49 56
47 59
6 10
19 36
17 48
18 46
23 29
38 46
43 47
27 55
0 14
13 28
6 41
19 38
38 58
37 54
22 53
10 60
5 36
25 60
7 53
7 21
3 34
32 56
53 57
39 43
44 51
17 52
10 46
17 51
21 48
5 33
3 25
51 53
3 13
5 30
12 27
5 44
2 2
26 47
15 56
12 42
1 8
37 44
11 56
17 19
31 35
25 56
7 12
0 16
2 28
5 45
22 27
19 23
15 17
32 59
19 22
11 33
15 22
5 40
17 36
28 35
17 27
37 54
11 14
2 24
35 53
53 57
14 48
25 58
22 27
0 10
11 19
11 59
3 41
31 53
45 48
3 58
32 48
35 44
14 46
10 14
4 59
49 55
2 33
0 45
12 49
48 57
7 44
11 28
7 46
10 41
17 19
7 45
59 60
4 57
3 34
37 44
21 54
39 45
20 51
22 59
18 41
11 11
54 57
19 20
16 31
24 41
20 38
10 52
2 22
37 50
13 36
13 34
45 46
26 53
5 31
34 38
0 55
32 54
50 51
37 58
41 51
26 58
4 41
24 48
25 48
5 16
23 48
11 50
53 60
18 53
58 60
19 59
17 39
4 60
1 14
45 49
7 15
10 55
14 48
4 27
3 5
12 44
29 47
49 52
8 43
0 6
30 36
7 21
44 45
39 56
0 1
20 39
2 8
1 43
52 53
2 5
6 18
30 39
12 18
5 38
47 60
7 39
1 24
8 35
12 33
0 58
19 41
45 50
33 55
30 41
8 42
0 49
12 54
9 55
10 57
32 46
28 47
35 50
28 44
15 27
51 58
9 39
17 59
22 60
41 44
8 14
2 20
45 57
12 20
30 54
5 50
9 36
13 56
36 39
13 29
8 38
2 33
11 43
57 58
51 56
4 57
1 59
7 32
41 50
14 46
30 52
45 48
15 49
11 13
39 57
37 41
11 33
11 17
2 16
12 52
30 49
1 50
26 60
2 42
5 28
7 40
26 40
24 46
22 30
23 60
14 48
9 16
44 46
10 10
15 51
1 32
1 50
10 41
2 14
23 27
39 48
18 50
11 46
6 52
17 33
19 52
13 46
58 60
16 40
24 43
15 60
2 17
43 57
13 55
12 32
18 45
7 48
2 9
1 53
0 36
11 18
35 56
25 41
6 41
54 56
31 51
8 13
24 41
4 42
27 38
32 35
12 41
45 52
55 57
32 59
11 58
47 53
2 57
37 60
37 47
26 47
1 58
19 46
23 53
11 45
32 59
29 40
30 60
31 43
6 35
32 44
31 60
1 32
26 52
7 8
3 36
9 56
54 58
21 32
22 22
29 37
23 47
28 31
4 46
24 31
9 54
37 53
28 56
12 14
42 50
22 35
0 56
2 44
42 56
2 30
2 9
19 24
40 57
7 58
7 9
18 45
17 56
7 10
10 31
14 33
4 32
23 42
21 60
27 53
4 54
12 52
16 22
36 37
34 60
54 58
57 58
29 40
16 58
49 49
44 50
21 45
1 47
0 22
39 44
15 38
18 52
24 30
16 28
12 18
16 54
4 34
4 30
15 19
50 55
38 47
4 24
14 58
15 20
9 16
9 35
7 38
33 39
9 49
36 38
39 51
15 29
2 6
0 13
22 29
59 60
28 47
54 60
6 46
13 43
30 30
11 38
35 46
28 43
2 33
9 56
16 49
11 49
21 29
16 59
40 60
3 43
9 24
5 7
34 36
6 52
1 18
45 46
19 58
35 38
42 45
53 59
16 49
16 32
44 46
35 48
28 57
47 47
34 54
21 46
27 59
43 59
31 40
37 59
20 32
10 45
26 50
7 45
40 50
0 34
2 24
9 19
5 33
24 47
4 39
33 46
19 25
8 34
11 56
24 54
18 20
14 25
22 50
47 51
18 28
39 58
31 51
36 42
33 52
10 42
13 40
2 32
21 52
7 21
52 56
2 24
37 43
13 19
11 45
53 54
5 19
6 33
10 40
20 47
8 45
22 57
31 46
31 50
11 44
39 51
13 27
14 14
6 28
28 43
40 53
34 52
38 48
4 7
36 50
34 37
22 38
29 48
15 48
19 29
7 48
27 46
8 23
2 56
40 60
5 6
8 50
6 52
32 49
1 53
45 56
49 60
20 41
20 21
28 53
4 45
5 39
13 20
12 42
17 39
38 51
7 19
3 27
7 8
5 52
6 48
0 48
1 16
9 46
9 53
12 20
14 18
5 47
34 58
11 23
15 16
2 59
39 46
10 44
12 26
24 27
22 38
8 44
32 38
0 54
40 58
8 38
12 34
3 32
5 9
34 39
31 34
7 15
6 39
10 18
4 31
14 22
35 60
33 44
46 52
9 24
53 54
8 27
30 41
13 58
17 18
16 50
22 34
33 50
40 50
7 19
24 52
47 50
31 57
2 15
24 55
34 36
26 44
0 60
5 45
29 39
11 54
22 47
22 50
28 55
12 51
4 17
41 56
7 13
13 29
7 27
14 44
9 42
33 47
21 42
25 50
1 29
1 9
7 12
17 37
9 52
2 49
16 32
38 44
14 45
16 44
13 35
9 11
9 11
12 60
7 33
13 53
17 59
17 47
27 42
0 2
18 36
17 51
24 42
12 47
14 57
10 36
31 35
32 56
12 39
9 52
38 49
28 28
10 30
16 48
11 16
19 41
10 60
33 56
40 49
54 58
6 45
16 46
4 15
24 28
5 50
35 56
12 28
8 40
50 51
0 8
11 49
30 36
48 52
6 44
53 59
0 11
10 59
15 28
46 50
21 52
36 38
18 36
36 48
20 25
45 49
10 16
22 26
12 29
43 54
13 17
25 39
26 37
30 59
32 56
7 30
0 28
23 51
17 51
5 59
26 28
4 12
14 52
11 38
56 57
29 39
4 12
22 59
3 24
15 20
44 60
43 58
15 29
46 53
15 27
0 17
19 32
27 44
4 54
27 33
39 45
16 18
29 55
45 46
46 60
3 16
34 57
5 29
4 52
21 32
20 48
4 9
0 12
27 42
4 54
53 55
18 35
17 29
42 55
6 17
27 32
31 49
6 35
49 60
11 59
20 37
35 59
47 51
30 35
9 38
18 29
36 60
41 41
12 26
24 41
1 58
33 46
42 52
25 30
33 41
27 33
14 33
21 22
30 42
17 37
2 13
28 50
11 20
7 39
24 42
11 41
1 30
25 29
13 48
43 50
25 33
13 57
18 52
5 31
9 17
11 41
22 36
59 59
54 59
7 23
0 20
32 58
20 33
13 29
14 14
20 27
33 38
53 60
9 43
16 55
24 45
30 44
2 12
3 26
13 41
41 49
27 41
22 47
26 45
19 25
18 44
30 32
5 49
33 50
33 45
9 55
2 31
17 53
11 55
46 48
13 40
34 55
1 58
2 22
1 52
2 6
35 55
47 49
23 35
50 59
14 38
24 50
25 44
31 45
1 4
11 41
45 54
11 56
7 13
34 51
48 58
6 23
12 46
51 52
25 34
52 55
19 23
50 54
5 40
0 13
9 26
29 56
11 11
3 27
21 54
24 55
48 51
4 56
46 51
46 51
31 32
13 31
20 54
21 37
34 51
42 58
8 46
15 45
6 24
5 21
42 52
36 38
42 47
21 58
9 34
3 26
9 42
19 55
26 58
19 55
1 12
21 57
39 56
3 8
10 33
31 52
47 48
39 46
48 58
36 55
24 47
21 50
54 59
14 58
22 30
33 43
44 51
15 31
0 38
2 39
1 20
10 11
9 38
5 57
19 51
43 44
38 44
12 43
15 56
38 42
7 26
6 7
45 59
28 37
46 48
8 49
9 53
32 32
34 54
19 51
0 55
25 48
36 37
9 55
13 40
10 14
35 38
21 26
2 17
3 35
28 31
4 34
10 20
2 29
28 37
3 42
10 39
3 6
1 30
12 29
1 6
19 57
27 38
6 23
0 50
53 59
1 25
7 30
22 58
14 29
2 53
3 17
44 53
10 35
9 39
7 60
6 46
9 24
22 56
3 5
50 60
23 29
19 22
52 57
15 31
35 46
6 26
7 13
27 48
28 32
16 35
3 29
39 59
19 27
20 22
3 39
42 47
53 54
51 60
30 35
14 28
1 60
4 40
29 47
13 45
14 30
32 36
26 33
56 59
15 30
7 33
20 51
8 32
23 34
7 14
13 40
46 54
11 20
41 42
1 30
18 19
20 54
26 41
47 50
4 44
4 39
44 54
3 27
13 51
7 13
13 43
44 52
35 56
20 39
55 59
47 52
11 43
30 42
41 58
5 55
15 44
2 54
3 57
23 27
1 9
37 40
3 25
17 48
29 55
11 49
34 39
19 33
10 19
22 49
12 19
4 38
45 48
41 56
16 25
40 51
19 43
15 60
17 33
22 28
16 51
0 5
20 47
19 34
51 58
23 55
1 59
35 43
21 36
20 27
0 8
14 51
9 47
8 45
24 26
9 50
42 42
36 40
13 49
13 58
42 60
44 60
31 43
42 48
8 49
18 42
23 44
14 32
13 25
7 27
38 49
51 55
28 54
4 45
13 35
19 40
47 56
15 37
2 32
32 34
2 50
4 35
5 32
38 59
24 30
13 28
15 24
13 37
3 23
28 53
2 55
14 41
21 50
20 24
6 28
4 12
8 16
6 37
11 50
30 41
30 39
37 52
25 53
23 36
0 37
34 40
11 25
8 59
9 21
16 45
11 50
40 56
30 44
18 50
31 35
27 60
8 27
34 44
36 39
18 42
6 31
10 54
1 5
18 43
24 30
27 36
0 52
15 52
13 40
12 54
4 35
29 36
12 38
17 29
19 48
2 27
7 25
3 26
24 35
16 48
0 15
12 51
50 56
17 48
45 46
38 44
27 33
35 39
14 59
3 6
23 34
17 55
16 56
24 40
16 46
20 31
1 20
10 44
1 45
19 35
45 57
2 34
37 46
21 53
12 56
6 16
2 42
0 7
33 56
10 42
40 55
3 58
36 54
7 43
37 46
51 52
15 41
23 34
5 10
8 37
1 22
17 48
30 47
8 17
4 60
20 42
25 53
0 47
17 36
26 59
8 15
49 57
11 49
28 58
14 42
24 29
6 37
25 36
32 40
3 57
29 56
1 10
12 57
20 37
6 28
1 19
29 58
14 50
5 31
21 47
51 57
16 37
3 39
33 51
16 37
2 55
38 44
3 8
16 39
13 35
27 54
23 52
8 44
6 29
12 57
32 38
27 41
39 48
31 31
3 34
23 36
27 51
11 24
37 58
20 31
34 35
0 54
3 55
19 58
16 19
0 12
3 31
16 28
45 51
9 36
0 5
14 31
22 43
10 48
19 32
0 23
18 50
20 22
22 34
23 31
17 45
30 58
25 31
11 45
16 39
45 56
11 58
2 60
6 13
17 39
17 20
56 58
15 47
19 22
21 49
28 51
15 60
22 31
40 58
4 4
0 1
14 57
5 53
8 48
9 29
40 60
20 28
28 49
25 57
12 52
8 17
25 26
17 32
32 43
18 42
16 39
10 45
33 35
1 29
0 13
23 56
57 57
45 60
0 59
34 59
9 35
12 54
24 39
39 43
7 33
26 56
19 27
23 48
37 50
9 59
33 52
17 30
30 44
19 43
44 57
1 28
18 49
24 46
13 33
15 32
19 29
13 25
35 43
14 17
13 34
2 13
20 36
17 51
5 54
24 30
17 49
44 52
16 54
8 11
30 47
0 27
56 57
17 37
26 54
1 2
29 59
15 39
4 14
4 13
36 56
11 52
1 17
10 27
18 36
19 41
57 60
45 56
44 44
47 58
0 40
28 50
0 25
17 55
9 30
47 58
20 50
48 56
18 27
21 22
7 57
26 27
15 58
40 56
10 59
10 23
35 36
11 37
1 46
13 42
1 9
26 30
0 11
12 20
5 28
2 23
23 31
4 39
10 15
11 47
29 36
6 10
15 45
36 49
15 17
11 39
12 47
1 11
0 57
29 56
27 33
19 42
25 58
6 14
18 22
45 56
6 7
45 46
6 38
16 17
4 7
30 53
46 59
4 18
13 20
56 59
26 36
26 50
22 36
39 53
37 38
29 42
1 21
6 21
16 29
10 23
14 44
37 58
22 52
10 54
4 47
13 28
48 51
38 56
9 42
14 19
30 60
38 38
23 36
51 57
16 21
2 58
1 8
21 45
52 56
31 42
34 50
12 30
3 53
1 56
41 60
15 43
0 58
16 46
38 57
2 57
29 49
5 12
1 21
24 56
8 25
45 58
0 46
6 52
2 35
14 20
9 54
27 55
17 31
17 25
2 32
17 32
3 45
18 24
6 29
41 49
18 29
19 50
19 44
29 33
14 22
4 27
5 37
20 25
1 25
0 1
36 50
32 56
22 38
46 56
3 42
18 52
12 30
8 28
2 12
40 60
30 34
30 54
1 41
38 51
43 57
15 28
8 30
10 47
31 57
49 53
4 22
10 48
20 58
22 29
48 49
31 54
56 58
6 37
46 58
21 50
19 31
39 57
33 46
19 25
18 24
51 56
30 42
20 47
3 45
20 54
11 30
40 58
7 31
17 26
41 59
5 24
19 51
0 22
1 39
24 30
27 42
29 32
7 60
7 9
46 49
13 34
9 37
37 41
25 53
25 55
14 24
11 20
24 34
13 39
11 39
41 59
6 22
51 54
15 48
27 36
2 56
41 43
6 31
13 42
23 32
41 43
33 59
23 35
40 54
5 46
10 49
11 13
9 56
26 49
6 40
41 49
16 25
34 54
9 39
8 60
28 47
4 18
35 47
23 53
9 55
22 60
13 23
43 52
30 43
1 60
32 43
39 50
18 44
36 38
28 47
25 35
29 33
37 51
47 58
22 24
4 54
22 52
31 47
50 52
12 26
7 42
8 55
15 21
3 15
3 23
10 55
2 46
27 38
4 58
15 31
14 26
10 12
2 16
3 40
38 48
1 47
18 56
29 56
40 43
5 42
5 36
4 53
44 51
34 51
41 42
23 58
21 37
10 11
32 46
24 57
17 45
3 24
2 21
28 57
16 59
30 60
13 50
9 12
4 34
2 25
40 60
8 11
38 53
2 2
14 24
19 56
3 53
37 44
45 46
30 48
26 37
3 18
7 11
6 20
16 44
14 42
18 34
42 57
19 48
19 52
0 18
3 40
19 30
25 29
14 20
37 40
1 47
12 16
11 42
18 26
7 59
37 38
37 39
10 30
4 46
8 26
23 60
10 17
14 42
0 20
28 58
1 51
22 55
35 45
9 19
1 59
33 44
52 59
12 13
39 48
3 20
42 59
3 9
25 37
27 53
14 28
14 35
32 53
12 38
7 31
21 51
10 38
37 42
14 48
5 45
34 59
11 29
19 43
42 58
43 57
40 59
17 28
46 46
10 10
3 32
22 57
0 19
52 60
2 5
32 57
4 10
35 55
6 15
7 49
25 26
23 36
45 49
1 55
40 56
3 56
6 60
